0.243560513
0.805822303
0.258602476
0.018011929
-0.022220532
-0.233616183
0.0253553
0.114900066
-0.508751198
-0.491754855
0.516353416
0.538967142
0.172385558
-0.521889582
0.044738803
-0.571075775
0.48638557
-0.704776591
1.525901391
-1.937827144
0.381061214
1.348337836
-1.589863105
0.701067001
0.180279931
-0.596230084
-0.236801591
-0.162831604
-0.11613584
-0.151232937
0.069509021
-0.289094042
-0.086296945
-0.652888749
-0.475908735
-0.105238667
1.005181663
-0.040496842
-0.226665721
-0.185261906
-0.235344337
0.031015523
-0.226874664
0.017004272
-0.253630415
-0.556631132
0.660461021
0.75601952
0.123830336
0.160546549
-0.078717944
-0.082809122
-0.409191902
0.480127608
0.504731579
-0.407768616
-0.411818936
-0.253901317
-0.046643917
-0.034154486
-0.852064798
0.465201051
0.959154477
0.271107207
-0.225097906
0.401609734
-0.170079005
0.424952016
0.940613915
0.124927236
0.290349195
-0.502710875
-0.267187564
0.1081496
0.007784717
-0.189405825
-0.478717662
0.329090756
-0.059685105
0.231944141
-0.219642949
0.282680935
-0.419987053
-0.927708318
0.953628792
0.558054548
-0.410082859
0.872893214
-0.742460796
-1.138931912
0.357563121
0.378614372
-0.07302537
0.867156768
0.019055871
0.221079947
-0.480989302
-0.088115343
0.594511642
-0.528057658
0.01820133
0.091249944
0.011852403
-0.517655394
0.106393082
0.049778991
-0.319710452
-0.413386454
-0.428785344
0.548867264
-0.758613054
1.176974863
0.466168374
0.19231255
-0.63714616
0.258733901
-0.131174497
-0.388644629
-0.275808592
-0.246510019
0.468051607
-0.199846621
0.375216152
0.252675511
0.12090737
-0.168468333
0.57186391
-0.826234855
0.563446006
0.958674534
0.342222549
1.121800205
1.485193015
0.497956328
0.161729679
0.730109381
-0.670488164
-0.738467882
-0.227737941
0.741761378
0.00762383
0.261808735
-0.307336187
-0.078634094
0.07749098
-0.050232501
0.095187756
-0.160877424
0.053040847
0.395663313
0.024921422
0.101922006
-0.499835501
-0.160505599
0.484052425
0.370085872
0.16706702
-0.183844056
-0.082820308
0.437827376
0.185263567
-0.034815264
0.303137426
0.038376287
0.506141045
0.336788334
0.24474017
-0.132840715
-0.009878388
0.017398381
0.115630731
0.078486605
-0.082311346
0.199985059
-0.066399272
-0.065843069
0.099892805
0.207282973
0.434030425
-0.319297486
0.695888999
0.603830984
0.819970389
-0.017328278
-0.243200644
-0.092643429
0.664241171
0.148374647
-0.194148898
-0.170057737
-0.190146404
0.067672683
-0.167438949
0.048809616
0.132047862
-0.121437006
0.057518095
-0.013819171
-0.088368442
-0.114822663
-0.423067568
0.142124343
-0.162490755
0.044839991
0.568634775
0.402503784
1.207948665
0.382247315
0.467984316
-0.423964468
0.714671348
0.710016389
-0.3658075
-0.134148503
-0.144504351
-0.571139195
-0.235707412
0.812082694
-0.133174189
0.168227104
0.358888522
-0.030638632
-0.171192664
0.1929896
-0.226311599
-0.283675196
0.551561676
-0.843818698
-0.203057557
-0.155256542
0.035498174
-0.191906953
0.263423284
-0.625179317
0.277901028
-0.246114145
0.071385335
-0.1874533
0.193167349
0.047632934
0.188955127
0.6079103
-0.270544245
-0.582477633
-0.318302
0.282325577
-0.165307716
-0.248643123
-0.412100159
0.775426943
0.923353476
2.079230368
2.568496804
-2.278924756
2.647525731
-1.049587481
0.253741488
0.524613587
0.3578384
-0.284460424
0.6444731
-0.256404493
0.448896429
0.333676751
0.160875669
0.222673199
-0.435215274
-0.181754766
0.197798925
0.133170609
-0.689370436
-0.466533277
0.546335498
-0.185721957
0.242632236
1.002846421
-1.6037558
0.069945409
1.267346682
0.000988367
-0.170540373
-0.275739607
0.034578614
0.210010157
-0.339956526
0.712585941
0.177428896
0.214992101
-0.026576853
-0.633826564
-0.086662185
0.082136188
0.278440735
0.378563576
-0.237950202
-0.417212716
-0.252403682
-0.748729267
-1.304691707
0.629245428
0.545039974
0.082939227
-0.368925706
-0.238854611
0.10266158
-0.352655965
0.147875726
-0.507477975
-0.135249634
0.209842806
-0.00574942
0.09230063
0.058163521
0.530153571
-0.218040553
0.584956572
0.241360359
0.092162566
-0.157117593
0.570809605
-0.57266957
-0.110524321
0.082698274
0.452930012
-0.138474642
-0.12938158
-0.421676331
-0.392179529
-0.397540907
-0.218280026
-0.117045353
0.101925836
0.020418164
0.056910288
-0.094652646
-0.081342145
0.126855204
-0.120062998
-0.388786426
0.413319842
-0.066109699
0.313403533
0.623550127
0.521178817
0.451783383
0.109146687
0.006569223
-0.14917522
0.362384261
-0.118252
0.013946468
0.103241478
-0.055872386
0.161949239
-0.187625997
0.026261737
-0.221336454
0.171370125
-0.024319553
0.267455242
0.635096226
1.522788627
-0.424055477
1.265738514
-0.776884847
0.393280546
0.480313906
0.542709232
0.923889006
0.659845262
0.858440505
-0.400972609
-0.254567764
0.208167132
0.13156703
0.012368282
-0.160150231
0.271658357
-0.200795369
0.445564782
-0.088310407
1.018924968
0.945057911
0.086756683
-1.309338962
0.333077939
-0.232307312
0.02715033
0.176373431
-0.032261678
-0.102194858
0.00085787
-0.023267898
-0.074704747
0.055633624
-0.250809733
-0.157007302
-0.596626393
-0.034118872
0.540666446
0.089657787
0.660626339
0.010737202
-0.215431853
-0.043570179
0.287547163
0.483605004
0.264041841
0.628201296
0.098718731
-0.166396948
-0.086103383
0.409198691
-0.137990589
0.107755443
0.129667137
-0.152582137
0.226963437
-0.146723469
-0.432694954
-1.00985623
-0.855056724
-0.940025781
0.393441031
-0.150176303
0.056484307
-0.216042429
-0.048878106
0.218239087
-0.993677059
-0.332828775
-0.357391038
-0.376964444
-0.476880646
0.723934098
0.271236279
0.021187188
-0.539705788
0.127206894
-0.123085643
-0.519841584
0.674079046
-0.640241278
0.674372588
-0.662368562
0.11270249
0.556719664
-0.728217972
-0.327655663
-0.153511507
0.01354379
-0.035946168
0.002116757
-0.161225751
0.165475443
-0.030997712
-0.063952329
-0.405901278
0.680033295
0.192678394
-0.37866087
-0.053537213
0.014354063
-0.231092004
0.049743583
-0.233552556
-0.043861159
0.413189365
-0.297931439
-0.306763106
-0.209693199
-0.020293131
-0.099388417
-0.685004538
-1.163405181
0.096851786
-0.464736821
-0.175595629
-0.239549088
-0.141864748
0.480409014
0.81919952
-0.878520368
0.217840295
-0.075903782
-0.026553102
-0.046773664
0.265249983
0.157334498
0.359081972
-0.074621042
-0.459159032
-0.317007408
0.151089027
0.228367499
0.044865057
-0.031084635
-0.302417516
0.066155779
-0.186714403
0.042377542
0.384213665
-0.241017151
0.550959393
-0.246298657
0.362524161
0.127799986
0.252048155
0.467904566
0.352493436
-0.171354686
-0.149292163
0.225165734
0.176209659
0.083458725
0.428183849
-0.237790868
-0.405699296
0.122798509
0.238528437
-0.175521057
0.211050934
0.258406066
0.127553523
-0.233625194
0.505289521
-0.115777248
-0.029174608
0.232882473
-0.29378803
-0.004857775
-0.077612756
0.513435621
0.282970776
-0.240420989
0.131202412
0.528366018
-0.801944823
-0.721397781
-0.267043433
-0.06327904
0.052269576
0.512519023
-1.359316534
-1.039796557
-0.683265112
-0.934329727
-0.592318266
0.083542564
0.70953715
0.218581457
-0.613007157
0.056389483
0.068403323
0.045710183
-0.901468567
-0.259745669
-0.028146124
0.454015239
0.303402466
-0.426409599
0.268808939
-0.728426897
0.35494653
0.091028321
0.001181074
0.290145945
-0.070929652
0.090621855
-0.153372827
-0.513242925
-0.870961389
0.54185861
0.302262047
-0.43032979
0.772038586
0.319565676
-0.674385515
0.323646381
0.118851568
-0.057654877
-0.058254052
-0.06650526
-0.131287417
-0.229235943
-0.013524772
-0.506697725
-0.555159579
0.408070423
-0.160636583
0.387531502
-0.199997539
-0.700277528
-0.13550208
0.155679881
0.401345037
0.684824923
-0.143448747
-0.004261082
-0.434858098
-0.04088868
0.086651069
-0.1613515
0.666751049
0.875129847
0.148958547
-0.442492978
-0.779627906
-0.114310542
-0.149764357
0.0457494
-0.14026387
-0.261196224
-0.196365081
-0.099894406
-0.17738716
-0.118634991
0.058089777
0.314436228
-0.196973496
0.07140582
-0.218660993
0.639210331
0.82050018
0.050046337
0.133891047
0.210866274
-0.178822047
0.317935994
-0.057411626
-0.261043242
0.35800217
-0.117806353
0.02135215
-0.163139414
-0.447801941
-0.677319847
-0.256449284
0.048213811
-0.302217103
0.184198547
0.036966347
0.536459863
-0.427449259
0.08092731
0.152705719
-0.257047565
0.053734599
-0.217470795
-0.040615612
0.137370386
0.742661537
0.252805742
-0.41847381
0.368693706
-0.578612256
-0.094144386
-0.330077824
0.381803145
-0.118476655
0.211696411
-0.489725734
-0.705029289
1.020580508
0.092507437
0.988913357
0.929001609
0.412906944
0.377123984
-0.631603991
-0.034360997
0.433370429
0.250479442
-0.290813385
0.243031588
0.295415928
-0.342321831
0.20028215
-0.504375594
0.503995998
0.042254127
0.759132799
-0.924358276
0.183802357
-0.250230333
0.479312418
-0.967246037
1.646683052
-2.434279738
-0.810253941
-0.465625688
0.781926865
-0.940068359
1.34340295
-2.864456275
1.191341169
0.260855388
-0.202121228
0.681556984
0.276958594
-0.361753559
0.087567114
0.450869117
-0.179173727
-0.081095313
-0.306094049
0.187534199
0.263191664
-0.154073959
0.196362451
0.125478099
-0.396271711
-0.240746217
-0.404081171
-0.772626357
-0.404752554
-0.150270399
-0.204472416
0.033968541
-0.737659745
-0.943368288
-1.493675564
-1.386007141
0.28883856
0.862802362
0.024067276
0.367213992
-0.564343623
0.004713041
0.323904156
0.818387649
-0.306889708
-0.304250639
-0.246673609
-0.167928303
0.031529718
0.155670399
-0.097518697
0.331909309
-0.316751709
0.401823929
0.257771459
0.346362429
0.51084266
-0.336803556
-0.221596973
-0.56546676
0.145748152
0.341694471
-0.178413562
-0.875731384
0.137815464
0.075789678
-0.017919942
-0.213885882
-0.173222073
0.483098167
0.00475037
-0.199596546
-0.490285525
-0.59831077
0.463820098
-0.040619495
0.211056253
-0.342892193
0.728702539
-1.389588686
0.651941241
0.963023721
0.022836995
-0.367984005
-0.871246596
0.648341199
-0.277326178
-0.258643899
0.540441168
0.473230739
-0.279735235
0.19339584
0.027837023
0.138366233
-0.327230861
-0.21352529
-0.597682749
-0.245104408
0.234885946
0.565194739
-0.237244366
0.188327051
-0.043552351
-0.037362826
-0.511634013
0.116672835
0.087712565
-0.047483286
0.243551829
0.502210842
0.095361511
0.126583383
0.127989878
0.387211508
-0.268594352
-0.047765297
0.030891916
0.076353832
0.003696053
0.145692975
0.032992531
-0.502820101
-0.225719902
-0.104499991
-0.12124537
0.648822254
0.22358592
-0.051259758
0.11493349
0.065818621
-0.106429184
-0.636330039
0.837906877
-1.118354632
0.812259413
0.470175676
-0.087667185
0.186596059
-0.02686563
0.258564205
-0.071281412
-0.527836392
0.864604079
-0.746267886
0.936770188
-0.789637149
-0.287815728
-0.899880206
-0.835326274
1.727975456
0.902548562
-1.635725909
1.729134904
-0.521633353
0.775634635
0.849943475
-0.842929166
0.328641789
0.554947199
-0.713957901
-0.273381481
-0.161950228
0.255171039
0.050188406
0.462688697
0.858429874
0.672980319
-0.020895309
-0.253690035
0.8917123
-0.52270708
0.293877781
-0.444737083
0.948284106
-0.728816821
-0.28355927
1.200838818
-0.628513723
0.699813161
0.140787052
-0.849099567
0.121082965
0.947366943
0.983106579
-0.760276
-0.453617888
-0.250033479
0.395754437
-0.231452812
-0.219525768
-0.300631076
-0.293465021
-0.757309101
0.489072081
1.124000362
0.13717809
0.439265618
0.693561651
0.12592946
0.005463915
-0.262626587
-0.525803862
-0.081412945
0.031806538
0.23000993
-0.647709818
0.158097231
0.012811459
0.032431362
0.123157744
-0.256400471
0.305779005
0.302209009
-0.51585647
-1.077640253
0.020845409
-0.330554386
0.655738136
0.833897714
-0.548992969
0.932260862
-0.610457283
0.317910185
0.498934934
-0.245688486
-0.741424336
0.594052321
0.094958283
-0.04986822
0.527680097
-0.363917668
-1.10958783
0.095991677
-0.372589378
-0.006601229
-0.681514689
0.88709345
0.336581012
0.562279618
0.025664168
0.393390045
-0.196779061
-0.36887711
-0.81875168
0.108763987
-0.093067277
0.324714988
0.031836811
-0.224979609
0.011759334
0.5193951
-0.042874537
0.557226167
-0.239050691
0.33347076
-0.152049959
0.702516875
0.311450899
0.313736999
-0.266101188
0.150943314
0.031175003
-0.071972649
0.106377793
-0.359538105
-0.327777558
-0.026976402
0.614995485
0.107094302
-0.226292971
0.142159276
-0.120950978
0.138110325
-0.278853185
0.625708553
0.067830852
-0.067624714
0.519183809
1.081034591
0.031537337
-0.580998233
-0.304125409
-0.415095774
-0.53730525
0.002540369
0.697933276
-0.164094087
0.518214999
-0.542195636
0.87328012
-0.115753079
-0.042396837
-0.540303921
-0.438657682
0.043600775
0.169762724
0.646588565
-0.313256549
-0.453958257
-0.030101753
0.303624625
-0.056478858
0.275701629
-0.130198862
-0.052966342
-0.043413231
-0.241610686
-0.297569428
-0.128481104
0.12905005
0.073752268
-0.095059838
0.286647907
0.31510142
0.185812621
-0.209505255
-0.4307004
-0.827651976
0.482740241
0.707524276
-0.804850125
1.246066066
1.379701062
-3.0895377
0.574441347
-0.590625836
-0.697996399
-0.06912925
0.629064537
0.268183952
-0.744058914
-0.239211769
-0.181465462
-0.444926579
0.365520191
-0.4759553
0.996910985
0.024909101
-0.1904739
-0.097921125
0.108648923
0.106181352
0.024631839
-0.251967959
-0.085546933
0.403919952
-0.14142242
-0.077785038
-0.408565811
0.367122134
0.038542162
-0.058726283
-0.24798327
-0.16686145
0.112187408
-0.442644239
-0.697419708
0.675395002
1.348151612
-0.562097422
0.041457216
0.348934345
-0.863058855
0.205271556
0.094825846
0.11124603
-0.181002565
0.166600632
0.140510637
0.267889719
-0.42587531
-0.611572702
-0.847234613
0.244999687
-0.32739434
0.481673678
-0.393646501
0.477333913
0.224296177
0.085167188
0.558010462
0.163725701
0.422037993
-0.231258552
-0.085834769
0.183541306
0.094972557
-0.003547339
-0.073131949
-0.103876407
-0.049907745
-0.183457567
-0.162423894
0.540339559
0.015076626
-0.082370671
0.123441926
0.132257089
0.154807541
-0.335059768
0.133106456
-0.599213046
-0.393952495
0.333639096
0.116251031
-0.195630193
-0.073087286
-0.096358385
-0.120739323
-0.679992818
1.847531407
-1.125366949
1.378367429
-1.496493347
0.496696395
1.113120713
0.270768665
-0.288943358
-0.328840981
0.232573407
-0.5916589
-0.537249476
0.030047936
0.494789616
-0.352519438
-0.139444875
-0.396884989
-0.511561274
-0.039159422
0.504728168
-0.342270843
-0.179894796
-0.376592552
-0.217540877
-0.135635694
0.246605063
-0.171017413
0.346984793
0.128524089
-0.134932725
-0.130162967
0.167336536
0.144571549
0.305534121
-0.237609875
0.83249239
0.276030677
1.144193109
1.290657218
0.315219403
-0.173063721
0.174811662
-0.126474156
-0.166385259
-0.18708219
-0.27581882
-0.318050414
-0.390453609
0.45757718
-0.890702999
-0.418711479
0.235347017
0.195709247
0.249750226
0.000864132
0.00638276
0.178181913
-0.049526259
0.005732839
-0.121658278
0.127202329
-0.229112096
-0.631801793
-0.825625548
-0.237218332
-0.108736179
-0.120663121
-0.150900336
-0.209139469
0.111230658
0.517632089
-0.068505298
0.486912318
-0.230626058
-0.083937937
-0.033694963
0.384356214
-0.406056554
-0.171035505
-0.259522009
0.070803628
0.029992802
-0.001844297
-0.641921358
0.01691759
-0.824239608
1.231374755
-0.185472365
0.806992872
0.947657886
1.64420574
-0.210312989
-0.162163942
0.203120031
0.031660242
-0.144024559
0.104159792
0.191807989
-0.418593312
-0.341081569
-0.415623785
0.569558171
-0.32938329
0.095433486
-0.694831491
-0.447643783
-0.467191574
0.144621789
0.288323324
-0.074967722
-0.218325481
0.03419732
-0.462428904
0.453368357
-0.152540773
-1.020214463
1.050760835
-0.504931544
0.332141965
-0.3895134
-0.203401175
-0.65789673
-0.031281935
-0.977154564
0.002442336
0.028223201
0.630759271
-0.137366663
-0.288736591
-0.397208441
0.465283944
0.308848524
-0.621870869
-0.114772277
0.477408545
-0.428151701
0.946091039
0.42419268
0.88257193
0.184814795
0.244693104
0.004413223
0.549606274
-0.149781098
-0.069339166
-0.024210849
0.051136825
-0.197706169
-0.225103651
0.173502777
-0.100474452
0.564957758
0.628246143
-0.690840051
-0.033426239
0.036216342
-0.588346764
1.716724297
0.043345725
-0.07948671
0.37775429
0.184066485
-0.361722941
0.239294967
0.018563835
0.305179405
-0.741403362
0.358589415
0.145133676
0.16963238
0.122591058
-0.335370888
-0.00569654
0.03898995
-0.17366273
0.288016939
0.441105738
0.698390311
0.483769006
0.347999394
0.719289739
-0.1395289
0.255405155
-0.307586719
-0.106088845
-0.469142213
0.16505201
0.457582765
0.152427531
-0.402943096
0.339199001
-0.593963271
0.523831045
-0.576520271
-0.370884046
0.162609689
-0.090135022
-0.057655264
0.143447738
-0.292861011
-0.286954633
-0.178588163
0.170780924
0.144760294
-0.292608134
-0.181294217
0.096695065
-0.214891161
-0.233328396
0.796511443
0.722654473
0.594596914
0.074385475
0.314010317
0.112282524
0.044008565
-0.485378009
0.297560484
-0.489090938
0.715811406
0.493657731
0.208177772
0.09657095
0.140026341
-0.112066723
0.199051773
-0.329886279
0.090404952
-0.163366031
0.269763134
-0.59729707
0.40887503
-1.005776274
0.003991117
0.370478157
-0.440396945
0.210159141
0.000301315
0.175577598
-0.318674065
0.379758077
-0.383964983
0.199460815
0.390324805
-0.556346186
0.758370341
0.682534963
0.51047132
-1.137791696
0.341527332
0.339810826
0.15658039
0.208342047
0.484184439
-0.211306978
0.15677339
0.07969214
0.190688398
-0.014470435
-0.076256032
-0.026242366
-0.299777282
0.5148215
-0.270473825
0.131967339
-0.12319788
0.540677896
-0.084906294
0.360659082
-0.192818792
0.149225751
0.316936843
-0.534550475
-0.037103345
0.237501417
-0.026555984
-0.269066009
0.49898787
0.199854971
-0.929095059
-1.162717617
0.178649072
0.137011688
-0.243906463
0.449153656
0.316586252
-0.081020645
0.392370973
0.349300234
-0.780055253
-1.639551296
0.0647448
0.249616095
0.36789428
0.104553389
-0.288856937
0.116483227
-0.361681263
0.273530135
-0.074184734
-0.20237112
0.237107129
-0.502978334
-0.278837152
-0.324707811
-0.121652587
-0.386615655
-0.045557081
-0.568306748
-0.235084956
-0.066730047
0.130820616
0.191810521
0.257960215
-0.12388072
-0.033549823
0.019780756
0.04847881
0.192769521
-0.237306451
0.73020028
0.944424156
-0.938221618
-0.47400835
-0.312182321
0.197724607
0.809473666
0.218987608
0.507571226
0.607465558
0.364875476
0.01690335
0.495969967
0.350528845
0.240228847
-0.202773229
-0.378327237
0.166790534
-0.079324206
-0.176716589
-0.030455825
-0.150354798
-0.436114279
0.03290798
0.350521607
0.056393039
0.155110234
0.530061052
0.060846112
-0.389870722
0.356825576
0.794864476
-0.555751257
-0.020030745
0.135560288
-0.090101171
-0.033151672
0.109283389
0.065763021
0.068309705
-0.051231623
0.363596075
0.48736943
0.066784258
0.312078842
-0.110932337
0.060335258
-0.066833378
-0.068062587
0.015473593
0.110624061
-0.298011436
-0.553988099
0.522022423
0.381015755
0.786941485
-0.170255512
0.063286305
0.151283964
0.18623519
0.287005171
0.01167843
-0.113393223
-0.251441781
-0.674366961
-0.437120853
1.004469987
0.336295204
-0.539760977
-0.91800723
-0.067322041
-0.274916745
-0.436071669
0.250410527
-0.253693277
0.507220767
0.420035278
-0.540636686
-0.21417092
-0.388541645
0.180233055
-0.04984362
0.546173265
0.522949863
-0.111481403
0.577907538
0.817286813
0.052790822
0.84047589
0.474998922
-0.099045128
0.329616754
-0.118651565
-0.295743257
0.352532129
-0.181751414
-0.010838472
-0.551729731
0.38199359
-0.549961006
0.267155811
-0.558113433
-0.260361249
-0.03556024
-0.326351033
-0.336432059
-0.188473874
0.180947489
0.104826504
-0.12398362
-0.022283034
0.139419739
-0.121322275
-0.210025391
-0.003301346
0.043213041
0.194399729
0.445618702
-0.395075199
0.183703353
-0.820021281
-0.235962121
-0.121216113
-0.012565399
-0.143449115
-0.194206239
-0.158631562
-0.104087716
0.223958577
0.233510266
0.463473473
-0.628570229
1.045102183
0.345129471
-0.089706843
0.203181889
-0.213164002
-0.377378001
0.126049015
-0.321700396
-0.260082143
0.503287975
-0.972966357
-0.574841131
0.19567294
0.37119945
-0.118694142
0.175308498
0.052398563
0.399178148
0.53825474
-0.215286018
-0.288258951
0.181910137
1.070065791
-0.641614695
-0.423575159
0.57270403
-0.132229855
-0.174740281
0.008748702
-0.441142002
-0.689824946
0.790275283
0.579007053
0.003906154
-0.511797353
-0.486787279
-0.023591118
0.285253406
-0.321441289
0.186925926
0.101432105
0.265739957
-0.099876155
0.919077097
0.160888969
-0.345806604
0.239824369
0.444376626
-0.919455368
0.442448347
0.360972597
0.395484548
0.433712524
0.049873299
-0.225290633
0.360133871
0.251006091
0.525171496
-0.126184887
0.381714444
-0.114065485
0.266321835
-0.069711885
0.190783863
-0.126294335
-0.062166819
0.01248487
-0.008836158
-0.111334924
0.306211579
-0.168322508
-0.086221398
-0.102104948
0.161511812
-0.003491458
0.199099027
0.127095196
-0.474321496
-0.451851389
-0.249729757
0.07815512
-0.386580489
-0.238418543
0.036321412
-0.416233332
0.350623162
0.469745251
0.889732955
0.372339197
0.208210077
0.507163858
-0.087965115
0.100553748
0.214527664
0.140751389
-0.019959705
-0.194944259
0.008477919
-0.283509291
-0.21773099
0.048588695
-0.606382367
-0.547121786
-0.305146207
-0.381420507
-0.131046419
0.123403588
0.340207152
-0.074208281
-0.051225187
0.282908124
0.537832906
-0.300918089
0.433875616
0.207384927
-0.228252867
-0.262910801
0.203750007
-0.129819265
-0.170762487
-0.33104577
0.134363956
0.128739168
0.181861492
-0.354648247
0.410032728
0.697343512
-0.506937892
0.614376596
-0.287849218
0.081078634
-0.403840247
0.407230937
0.371181407
0.247334045
-0.120936631
-0.141848625
-0.152399367
-0.236724311
-0.159540851
-0.231203558
0.284419959
0.110132123
-0.38223583
0.023177547
0.272462831
-0.608561099
0.325364565
0.051476782
-0.940671837
1.322249841
1.081309877
0.364308537
-0.183016364
0.584522227
0.567744166
-0.386334589
-0.02678661
-0.178433725
0.427657042
0.14068168
-0.92241712
0.11086265
0.08925257
-0.074531333
0.122650781
-0.070098679
-0.069880379
0.078169029
-0.167744146
0.355520318
0.288673116
0.443486863
-0.234292762
-0.077754377
-0.249599433
0.312545924
-0.069659175
-0.491128777
0.275722593
-0.261457962
0.177221465
-0.133835507
0.088357505
0.080254001
0.259507887
-0.290865168
-0.688888446
-0.966619132
-0.218839316
0.234701956
-0.613182198
0.026615704
0.23466275
0.66798728
0.406996338
-0.777502223
-0.407517747
-0.063784259
0.598692269
-0.466710424
0.539134065
-0.731150302
-0.87259336
-0.132630034
0.00904098
-0.168919299
0.511313595
0.616827812
0.416744029
0.201486034
0.099338982
0.013602787
0.271206733
-0.149430757
-0.097097202
-0.01618265
-0.044552783
-0.012482881
-0.212974784
-0.048534208
0.044758354
-0.044888125
0.273843954
-0.005044287
-0.239170043
0.458252535
0.993359701
-1.15737052
-0.636635315
0.970716469
-1.433383853
1.322039044
1.727778462
-0.567100205
-0.081068874
0.195668926
-0.190448749
0.246258903
0.47188993
0.649267844
0.562796431
-0.111498913
-0.345191006
-0.299525785
0.309952318
0.073946035
0.976335042
-0.005471944
-0.469139141
0.422410638
0.040556946
0.546570555
-0.261028084
-0.547015156
0.968934343
0.437965652
-0.027412646
0.002131954
-0.516634778
-0.591006353
-0.46925104
0.271786255
0.48691418
0.11371856
0.188994427
0.170301958
0.256046387
-0.136846126
0.301210194
0.139805776
0.473034892
0.040596989
0.285521513
-0.161123239
0.746506788
0.944334909
-1.021959857
0.094815576
-0.203531171
-0.224762204
-0.246589179
-0.049002425
0.347626595
-0.061065251
0.11513653
-0.574164578
0.267415904
-0.503391071
-0.383345224
-0.078117824
-0.797906357
0.457599337
0.310480166
0.698766045
0.262330861
-0.709505245
1.052508616
0.725907579
0.267293576
0.740841489
1.049048067
-0.138265501
0.090278946
0.38989283
0.165329077
0.124963442
-0.228468402
-0.421634638
0.049506516
-0.038567997
0.278634729
0.421522119
0.076662204
0.175807544
0.427179512
0.029754376
0.347402783
-0.220359299
0.344850416
-0.817455758
-0.100842996
-0.186711157
-0.312721829
0.072482337
-0.188444534
0.184157008
-0.409376722
-0.211014708
-0.163303925
0.258145537
0.418909291
-0.262632856
0.420044799
0.462480007
0.34928296
0.23003771
-0.226981789
-0.437519642
0.26071643
0.025994531
-0.103126526
0.22060487
-0.409980466
0.13311116
-0.15027326
-0.276639853
0.146285724
-0.422806558
0.131831949
0.368538593
0.059804626
0.182954798
-0.266336886
-0.475451461
-0.070476657
-0.278789629
-0.030967779
-0.398028818
-0.222319967
-0.423163059
-0.823237653
0.066634221
0.634317106
0.247839454
0.128856506
0.394880639
-0.732655653
0.160997185
0.630460254
-0.481045204
0.968799509
0.084575156
-1.006034492
0.506413442
-0.15036848
-0.625433888
-0.32370812
0.647785099
-1.27083135
0.862550382
0.001308359
-0.424025452
0.053769194
-0.177474552
0.132902188
0.089913404
-0.248042907
-0.206696103
0.155671322
0.360023792
-0.455017619
0.087318871
-0.674844036
-0.500981953
0.815062376
-1.331939533
-1.765148307
0.169397939
0.485853817
-0.825545233
1.077182465
-0.263437387
-1.248372236
1.007932938
0.797003421
0.715893255
-0.721447329
0.372949413
-1.050240543
1.234004797
-0.540437479
0.126472687
-0.04483538
-0.478540849
0.642598449
-0.304090297
0.358335259
0.524439294
0.747161892
0.338081788
-0.996337634
-0.238379509
0.400915484
-0.381724295
-0.913360243
0.084905887
0.059547922
-0.245844651
0.087095153
-0.066155426
-0.087051711
0.431308014
0.16866384
0.33099025
0.253207079
0.030107331
0.743941488
-0.285732605
0.395519197
0.027109853
-0.076639895
0.073719123
0.384678925
0.245376743
-0.057215837
0.604941501
-0.040948956
0.228895545
0.185422389
-0.939857437
-0.580443929
0.098075294
0.627943836
1.019140675
-0.780325039
0.789819517
0.309558625
0.451393249
0.789311369
0.758860598
-1.401497366
-0.504953373
1.350420873
0.422870045
0.115498564
0.170142947
-0.490194238
-0.242686651
0.923539694
-0.96073083
1.18406419
0.338294492
0.396140901
-1.585211552
0.757053359
-0.265452937
-0.129707495
0.768429517
-0.134549586
-0.435433878
0.470791248
0.407055037
-0.172060981
-0.504288766
0.406275498
-0.12408215
-0.038517004
0.115746033
0.189779658
-0.21082207
0.484772907
0.337087542
0.565804723
0.235166611
-0.353923739
0.774829117
-0.566350801
1.498208814
-0.463325985
2.065414923
-0.586959614
0.595454273
-1.223559807
0.61482559
0.18741273
0.630247455
-0.581094288
-0.34756267
0.37910884
0.255178434
0.072829062
-0.028507505
0.442622712
0.372486288
-0.701870822
0.59475662
-0.172123739
-0.482562682
-0.063950334
-0.482366175
-0.24888796
-0.612900169
-0.212018592
0.416998017
0.170425796
-0.169294637
-0.194096667
0.324716849
0.454376162
0.540669554
-0.480785336
0.641237825
0.216794125
-0.01443269
0.517184804
-0.225168792
-0.54032855
0.363337641
-0.483832733
-0.313089584
-0.054369007
-0.696131416
0.229312785
0.208692464
-0.321710541
0.213351587
-0.474757423
-0.397100867
0.283414601
0.81479012
-0.409200112
-0.473935401
-0.440347519
0.550351233
0.043498494
0.679676744
-0.495109804
-0.000223326
0.420460788
0.058020707
-0.265138401
-0.325203459
0.117378473
-0.001920444
-0.379699606
-0.24078944
0.517824408
-0.276680499
-0.335095636
0.508129364
-0.053478472
0.028619943
-0.273638795
0.20357672
0.08532039
0.20211747
-0.108342786
0.616009452
0.570413673
0.207149172
0.056546056
-0.085864233
-0.227089482
-0.139358702
0.205401177
-0.074563707
0.364815398
0.150129693
-0.221934974
0.216492103
0.007632422
-0.778157404
-0.436080973
-0.844183162
-0.666887554
0.095261583
0.135948313
-0.259875397
0.260995285
0.034616197
-0.509915895
0.371009481
-0.568623913
0.09629066
0.130126564
0.218895068
-0.026760857
-0.139594628
-0.05035972
-0.195588848
-0.148393306
0.014216862
0.363433684
0.168230203
-0.253290443
0.134236105
-0.459130137
-0.34065625
0.560044059
-0.235515407
0.663439297
-1.240214711
-0.580336242
0.560982944
-0.472623893
-0.590153132
-0.613817456
-0.13767583
-0.523463275
-0.118218667
-0.233499512
0.311552572
0.196352833
-0.317906034
0.168085057
-0.085679313
-0.221599186
0.175180873
-0.008404998
-0.35829577
-0.448743177
0.059895192
0.027083887
-0.193337186
-0.623557857
0.065660066
-0.498042395
-0.154603399
-0.308922197
-0.791847618
0.100294151
0.399396938
0.317426461
0.27607802
0.238983245
0.261575947
-0.013579796
0.378350772
0.161512245
0.451982648
-0.417869077
0.15910201
-0.041895147
-0.348554126
-0.094138702
0.287741386
-0.008798526
-0.237681261
-0.094007597
0.317128891
-0.301372445
-0.291767807
-0.084418039
-0.090820438
-0.014993919
-0.183790542
0.618797427
0.609656969
0.594442208
0.171983647
-0.265278332
-0.583380803
0.231591208
0.122620642
0.0355386
0.142455443
0.252144007
0.180731454
0.310287666
0.376905173
-0.960830492
-0.260190907
1.072206759
1.020787313
-0.105920591
-0.26223451
-0.153962011
-0.260387501
0.441115727
0.075171545
0.020146259
0.072387357
0.144098455
0.074844761
0.298058953
-0.693846493
-0.466575846
0.815110025
0.608360754
0.245869448
-0.136397903
0.33364701
0.030201018
0.046892415
-0.780929299
-0.809408399
0.165580345
0.323226617
-0.152799232
0.183095155
0.196992489
0.340533403
-0.0861466
0.065518641
0.075975204
-0.156319644
0.034234743
-0.321591124
0.379482199
-0.444919223
-0.187060085
-0.455859411
-0.433655743
-0.154683016
-0.083641211
-0.282479088
-0.577051539
0.109925911
-0.105448265
0.463452715
-0.034204129
-0.10398449
-0.455125686
0.157906065
0.008874372
-0.392524871
0.026050442
0.290976261
-0.179888351
0.18803775
0.109028416
0.216357964
0.338435542
0.104936897
0.107181737
-0.11654295
-0.421683998
-0.429113305
0.058998446
-0.063071661
-0.060131809
0.119897975
-0.109178388
0.105480386
0.13016257
-0.793183787
-1.286930439
-0.675505913
-0.442980438
-0.896318566
1.179118479
0.879163188
-0.43492251
1.176331735
-0.871290991
1.319484032
-1.270634225
-1.33536732
0.680339691
-1.246969669
0.826915313
-0.083401129
0.573579536
0.229352773
0.256060179
-0.60111339
0.359437609
0.40978779
-0.115864999
0.290989466
0.058810614
-0.081768518
0.095872988
-0.143146485
-0.368850537
-0.813109718
0.567669028
0.449088458
-0.845906296
-0.043049319
0.405371184
0.066121746
0.156916172
-0.305777777
0.202161863
-0.076361083
0.157299207
0.147286837
-0.054892404
0.148014867
-0.293227148
-0.117934746
-0.384178303
0.091162625
0.084920271
0.145688377
0.183904018
0.247126352
-0.210995922
-0.08259665
-0.027215928
0.012040999
0.49675488
-0.104252849
0.39964692
-0.025223079
0.479227658
-0.061813757
-0.140500488
-0.227370081
-0.440922898
-0.550463823
1.218419186
0.469356715
0.340227661
-0.869867973
0.341359392
-0.096980973
0.634237342
0.4601593
0.109612013
-0.219951166
0.014984915
-0.125289817
-0.334625987
-0.068066337
-0.152229683
-0.045085091
-0.313455362
0.342798868
0.181555903
-0.141362021
0.097080275
0.294159798
0.130896479
0.50356097
0.859764616
1.598398495
1.8664881
-0.637268712
-2.307660072
-2.46386458
-0.711867672
1.518861428
-1.659636344
0.615366188
-0.344615865
0.594508841
-0.205848446
0.206323014
0.05812099
0.06289846
0.288079568
-0.449256184
0.005430492
0.052324848
0.62577239
0.944008834
0.489659841
-0.344648478
-0.606432992
-0.361029729
0.56337265
0.369229106
-0.311317902
0.07364826
-0.0389385
0.126132822
-0.117541939
-0.198473359
-0.074813431
-0.075861295
-0.112198476
0.114337284
0.335416888
0.262543871
-0.650809167
-0.021580883
0.275768305
0.465422317
-0.792060528
0.047150611
0.21623515
0.551722606
-0.907538797
1.000445481
0.875521492
0.474789545
-0.103764363
-0.12908706
0.440125594
-0.632502817
0.049501247
-0.315424521
0.107057139
-0.017524398
0.21669351
-0.015356807
0.051709152
-0.25579503
-0.395693719
-0.432560356
-0.268458661
-0.103256122
0.341790425
-0.515615795
1.06379378
-0.194794998
-0.295715236
0.287390934
0.406421904
0.708729832
0.788064753
-0.071744853
-0.261128198
0.07567178
0.402148189
0.03840929
0.202563696
0.692454238
-0.296336384
-0.585166183
0.133855587
0.049883432
-0.620791659
-0.685453514
1.453426002
-0.011131943
0.8456046
-0.938032719
0.4334219
-0.455823171
0.069392015
-0.098357851
0.64657086
-0.337986655
0.388198957
0.318547273
0.721160728
-0.452352447
-0.363092902
0.844479865
0.876418654
-1.269661284
0.119352144
-0.0675692
0.061921773
0.115111466
-0.073196165
-0.347483564
-0.389378567
0.906223997
1.406560283
-0.540245768
-0.945802047
-0.898783646
-0.441315698
0.546162518
0.149873759
-0.393824456
0.224698385
0.03100111
-0.332272782
-0.753480143
0.7136508
-1.32748173
0.473370014
0.483249999
0.825329973
0.62072486
0.959665481
-0.225825186
0.115387901
-0.092283752
0.519636045
0.252928024
0.354731905
0.047178728
-0.462739157
0.475679326
0.561878942
0.860738002
-1.115192381
-1.589094498
-1.349404307
0.662294947
0.999885581
-0.416864527
0.509149259
-0.287776355
0.116981072
0.261152589
0.116125985
-0.601771357
0.125667639
0.177597573
-0.409148267
0.786552101
0.232111644
-1.263240903
-0.195294556
-0.381984872
0.391274616
-0.824891226
-1.043380616
0.960199425
1.112092377
-0.104276195
0.579232496
0.274030577
0.837888606
-0.657123927
-0.11837499
0.330342128
0.210156962
-0.016297079
0.073873931
0.023735766
0.604876647
0.048265017
0.181066586
-0.089893388
0.135366434
-0.30005394
-0.272746307
-0.15919019
-0.286359804
-0.407035422
0.647323646
0.766962583
-1.172037338
0.76416298
0.675895593
-0.557782547
0.483592258
0.196739631
-0.57389762
-0.688529562
-0.122508222
-0.205464052
-0.275089636
-0.098991851
-0.004463244
0.300059208
-0.209602292
0.46101847
-1.124920693
-0.203027803
-0.686524724
0.147623971
-0.054712535
-0.361351117
0.35343368
0.362640539
0.00065055
0.080101711
-0.072641358
-0.028822067
-0.168808062
-0.041238171
0.026619674
-0.502764189
-0.293432726
-0.017101983
-0.631122063
0.01117384
0.867998588
-0.644339243
-0.412981396
-0.245781952
0.404708696
-0.195316285
-0.432510077
-0.073650903
0.623688981
-0.203526029
-0.258555481
-0.505086785
-0.266458074
0.279782718
-0.220819674
0.336099838
-0.228617847
0.066787928
-0.376440533
-0.054516938
-0.07177477
0.073584665
-0.201592138
-0.420590396
0.205406029
0.626533562
0.40880009
-0.791777956
0.214042035
0.432841957
-0.629601673
-0.068578088
0.064185833
0.552469634
0.543363727
-0.731636494
0.033011767
0.052873468
0.11075805
0.466486552
0.204841775
-0.406084131
1.030286685
0.277515841
0.162177212
-0.043864008
-0.23608752
-0.021841489
0.066034252
-0.342824306
0.479077046
-0.354222667
-0.837024469
0.282107613
0.821305799
0.274715659
0.300049394
-0.24629585
-0.087142545
0.158544943
-0.046191992
0.237970424
0.249805734
-0.285188857
0.624032633
-0.50771478
-0.715440688
0.285935886
0.170577339
-0.796624392
0.083393032
0.055689585
0.401647883
-0.094800103
-0.069495503
0.060965594
0.015082361
-0.505853891
0.099056716
0.296179006
0.430202599
-0.723458545
-0.209681164
0.506068081
-0.814692955
-1.0296847
-0.20583539
-0.1841888
0.213529044
0.238545036
-0.194868665
-0.176455193
0.024573697
0.257468449
-0.54043046
-0.294916718
0.585154262
-0.033649856
0.048815775
-0.169722161
-0.25028743
0.194117309
0.374960939
0.26179342
0.453633572
0.225998645
0.13423811
0.126471856
-0.080555661
0.301823145
0.172241692
-0.00927787
0.45915683
-0.187982747
-0.14317623
-0.177333977
0.524044695
0.454072064
0.375565732
0.908417078
0.783795211
0.420060484
-0.093252339
-0.296983028
-0.330264889
-0.4203696
0.665164854
-0.537381636
0.315275798
0.272699471
0.115391317
0.360356765
0.060075931
-0.247796637
0.254323787
0.185196387
-0.332473221
0.197306736
0.030523004
0.413813403
-0.050161509
0.430693366
-0.356962172
-0.30312329
-0.251409265
-0.053615033
0.416081026
-0.528839959
0.386772401
-0.603079707
-0.580318482
-0.014429091
0.513578834
-0.191832884
0.135205368
0.23646399
0.097336771
-0.355658699
0.422136566
-0.717489174
-0.824261332
-0.22201735
-0.148163326
0.387062795
-0.592956525
0.772272801
0.388825957
-0.486695344
0.203825809
-0.951586843
0.045119746
-0.833165461
0.445942599
0.697768979
-0.325286718
-0.001870999
-0.339410188
0.569892219
0.228352195
-0.135893677
-0.311572789
0.058680156
-0.080791225
0.373196613
-0.183617946
0.407094211
-0.549430374
0.784082609
-1.238046301
0.001477203
0.802767793
-0.223658737
0.111189338
-0.437600336
0.288685193
0.534859076
0.205148241
-0.002224495
0.017777264
0.041252953
-0.120464285
0.116893323
0.127494928
0.18174558
0.158007274
0.204004691
0.003330616
-0.525864567
0.166696017
-1.188185623
0.337458827
0.134404979
0.635495687
0.279793244
0.744890017
0.379738056
0.419852153
0.25303818
0.50876363
0.181526396
0.609140842
1.352703325
0.076732533
-0.603940571
0.04368037
-0.210865986
0.763784247
-0.147667831
-0.785813175
-0.679407609
0.130606968
-0.477289599
0.424458331
-0.411129681
-0.439973116
-0.147187083
-0.084340432
0.273716045
0.210145369
-0.93684193
-1.020524643
-0.728594177
0.394740739
0.439919811
-0.196003294
-0.310276564
0.678104072
0.613003219
0.261225768
-0.153286799
-0.563129578
-0.604300552
-0.176116076
-0.104901463
-0.273908674
-0.114993862
0.298634951
-0.298404307
0.008346869
0.109711079
0.577019811
-1.552399824
-0.339206454
-0.456550811
-0.284440087
-0.29174369
0.127466924
-0.311796813
-0.192957967
-0.131263414
-0.073590733
0.270569925
-0.172359094
-0.040291923
-0.192973179
-0.474308054
0.764518861
0.026752231
-0.269127711
0.46427184
-0.656406882
1.046334584
-0.900789574
0.297127032
0.604690169
-0.458425011
-0.134201479
-0.037153856
-0.421447409
-0.076116054
-0.76626584
0.991505326
-0.46774835
-0.357639672
-0.272400754
0.44353224
-0.257059413
-0.870663844
0.23547991
0.767087465
0.01111632
0.547526834
0.396859613
0.176789681
-0.124086541
0.478632509
0.306716839
-0.683461321
-0.957950562
1.003036179
1.419627577
-1.106914096
-0.579191255
-0.928325503
1.052957175
0.3962446
-0.194573272
0.654629864
0.605029921
-0.813628796
-0.104063722
1.261084966
-0.088293562
-0.597507493
-1.413885971
0.765023447
0.937822737
-0.562421039
0.255955731
-0.470903437
0.946264539
-0.587148626
0.155461805
-0.121329266
-0.50294985
0.807043528
-0.855587988
-0.972250803
-0.348868252
-0.439109035
0.434809451
-0.461057677
0.330923223
-0.096921486
-0.02660824
0.282443669
-0.186415645
0.152636025
-0.102359674
-0.139884516
-0.005270346
-0.196381075
-0.037763138
0.083099056
0.097495005
0.614282981
-0.161504225
0.0576407
-0.263646584
0.515111679
-0.239952169
0.513653076
0.018985425
0.351749163
0.466890998
0.180943261
0.177889677
0.343576259
-0.041208622
-0.856715691
-1.088597677
-0.419174901
-1.195619672
-0.83234273
-0.413113875
0.748758081
-0.265398042
-0.955551442
2.002406521
-1.33873296
-1.792375262
2.652566651
3.709174954
8.886219204
-4.878630807
5.943344536
-3.253590086
0.749834881
3.242425456
2.516146751
2.326368269
1.980401889
0.660997023
-0.99895889
1.205760936
0.995021898
0.027591195
0.541049782
-0.456865614
-0.045006262
-0.863410427
0.15856374
0.687660043
-0.220623817
0.058044767
0.13903586
0.133298919
0.216599226
-0.208385169
0.301797811
0.326418766
0.123560422
-0.515907154
0.168598231
-0.198841084
-0.245907813
0.472421212
-0.3795935
-0.358268899
-0.163246085
-0.025808501
-0.131887151
0.013887851
-0.106464673
-0.221079007
0.413207252
0.122266503
-0.205381719
-0.392812239
-0.251014496
-0.175952727
0.229689624
0.47388561
-0.364996718
0.636923755
0.218390204
0.699359423
-0.686653849
-0.919238686
1.007570813
-0.834118233
-1.20724239
-0.293613925
-0.055563993
-0.248035238
-0.280118019
-0.061349539
0.098364962
0.325685991
0.285999204
0.055960293
-0.544896
-0.444947672
0.281930916
0.618544236
-0.054923665
-0.19498535
0.122611355
0.156086054
-0.101043426
0.194823506
-0.791411191
-0.646967085
-0.28717818
0.138963016
-0.038625114
-0.057176152
0.111812273
-0.398245341
0.212221974
-0.314420569
0.217398623
-0.097395062
0.510406251
0.32375142
0.305228169
-0.445762691
-0.799506677
-0.352315826
-0.105417313
0.342948305
0.452595471
-0.15427548
0.20201057
0.368569287
-0.07315475
0.141162354
-0.409066833
1.026060613
0.64838411
0.133699652
-0.165633559
0.501439838
0.315300827
-0.409594409
-0.114123225
0.143738061
-0.32118708
-0.105134216
0.091146067
-0.014362126
-0.334752811
0.166022623
0.373126399
0.212297168
0.750540511
0.293350556
0.96581784
1.080576523
0.309930218
-0.546737813
-0.882240751
1.018286123
-0.789356988
-1.331713044
-0.072538825
0.61098562
0.890716162
0.781723496
0.409941738
0.044465189
0.234285818
0.019928664
0.288540236
0.441393158
0.203620551
-0.18548039
0.150244357
-0.448833685
-0.080192623
0.148399491
-0.746943244
-0.336629502
0.367265727
0.18252203
0.683041738
-0.620060115
-0.411724657
0.674315646
-0.330407147
0.081269692
0.129954739
0.111056568
0.112794647
-0.207066672
-0.10016651
-0.29854537
0.538613096
1.230043272
1.403757883
0.223893747
-0.889947078
0.639716509
0.187704272
0.344132682
-0.465643123
-0.644484878
1.287362835
-1.479652416
2.574270539
-2.655971013
-0.750936858
-1.812685417
2.288750608
-0.846979827
-1.072999075
1.073182448
0.759770127
0.30281289
-1.437448965
-1.180401703
-1.603742222
0.918285361
0.142705226
0.453958149
-0.141487856
0.727413807
0.327158113
0.517331032
0.456364931
-0.333179149
1.016215995
0.299744164
0.015320988
-0.084523052
0.072553351
-0.075871227
-0.062046712
0.121893001
0.166242496
-0.03345652
-0.198122002
0.082251665
-0.137104579
0.094957184
0.272690687
-0.063622627
-0.245223588
-0.026443901
-0.135834918
-0.305073075
0.547278395
0.646626144
-0.616555503
0.618180737
-1.159304817
0.672125666
0.477487388
0.608385443
0.408504969
-0.010120556
0.363482428
-0.202499465
-0.049912469
0.149358912
0.373949107
-0.138137283
0.381714976
-0.269648595
0.326539964
-0.086460747
-0.066108397
0.238437307
-0.159706819
0.460347241
0.301140195
0.168521825
-0.10385359
-0.161785764
-0.063901796
-0.138168416
-0.482673475
0.360712405
-0.060457218
0.468338767
0.24215254
-0.10549947
-0.043707822
-0.433826905
-0.682795218
-0.317697944
0.489158755
0.584188905
-0.244062594
-0.028117671
-0.00656719
0.163731208
0.443127483
0.365064038
0.490288219
0.614446167
-0.870858613
0.935003456
0.998828177
0.313105283
-0.038386129
-1.009641987
-0.5029155
-0.325557924
-0.13653971
-0.54532893
0.286293109
-0.361386242
-0.117450936
0.066791531
0.099270919
0.361624634
0.379147708
-0.195356731
0.012632458
0.183498322
0.145872761
0.063570675
0.394646729
-0.218651119
-0.599584208
-0.055320332
0.315444151
0.712225453
0.084940742
0.753381977
-0.490624418
-0.300951964
0.06497625
-0.218686817
-0.258129624
-0.123365556
-0.15286453
-0.509577045
0.811104513
0.341012134
-0.334189357
0.584307073
0.781861702
-0.403527585
-1.04511806
0.450936881
-0.893532678
0.797565098
-0.869320812
-0.222650998
0.453631317
0.100214121
-0.238591715
-0.182725897
0.677015594
-0.502509546
1.174301136
0.227940184
-0.18683549
-0.012698284
-0.218023943
-0.103104843
0.138315863
0.235657265
-0.440740171
-0.39599481
-0.187372918
-0.012518482
-0.80835811
-0.210225417
-0.485027888
-0.997455597
-1.137568754
0.253905679
-0.230934688
0.256846081
0.110297103
-0.132671238
-0.206966876
-0.739086628
-0.789008808
-0.622258547
0.833025287
-0.671358208
-1.562439709
0.067296777
0.208640877
0.216283946
0.262303746
-0.383898452
0.240999202
0.185247357
-0.228845367
-0.243291042
0.106354095
-0.401306182
0.362408653
-0.250261171
-0.50690733
-0.775043297
1.455610746
0.156423933
0.881031847
-0.136496347
0.175337148
0.634651772
-0.376825332
-0.351508693
0.276058293
0.132562049
0.103426838
-0.137498666
0.26022328
-0.077759718
0.15389105
-0.035890754
0.002611316
-0.000950421
-0.122718338
-0.16271388
0.616593199
0.595171123
0.8520597
-2.042006192
-2.582570519
-4.943756152
0.463012439
1.03243908
-0.016585336
0.119487994
0.658918645
0.85851307
0.808239323
0.829502388
0.53025336
0.688576313
-0.4704338
-0.519662766
0.615803446
0.643645061
0.533243189
-0.649195789
-0.10963752
0.072276603
0.094331128
-0.086705832
-0.171813098
-0.219297512
-0.149014631
-0.638440809
0.934924433
-0.02919107
0.456929477
0.245402973
0.011188931
-0.227891864
0.049483319
0.619257622
-0.023949604
-0.093357572
-0.086891735
0.664240687
0.081921837
0.396433325
-0.728035501
-0.229215528
0.062709557
0.088165816
-0.444435731
-0.020834374
0.024098103
0.323613172
-0.382226381
-0.651294956
-0.074376788
-0.137355145
-0.258191722
0.136669333
0.130289466
-0.139052829
0.131826474
-0.100200641
-0.057426908
-0.164744307
-0.27602052
-0.102094867
0.381774994
0.194302844
-0.234023558
-0.056767085
-0.075311159
-0.806681303
0.421196349
-0.117896723
0.071326103
-0.233329105
0.233773399
0.246425415
-0.252056282
0.232980132
-0.158873665
-0.380416621
-0.392326995
-0.180759037
-0.096275327
0.156100043
0.479339113
-0.955023558
0.052354144
0.064036787
0.686814855
-0.1352414
-0.306832028
-0.151595976
0.231713447
-0.486962065
-0.209561363
-0.067755096
-0.00297334
-0.638118863
-0.030949446
0.367193703
-0.335790923
0.542346826
0.490068978
-0.444260909
0.565324437
-0.49106501
-0.946872733
0.021423559
-0.259375232
0.274409904
-0.805284876
0.055338608
-0.208455776
0.201389946
0.322617499
0.368746253
0.169801856
-0.584306166
0.180811828
-0.181531133
-0.354619306
-0.427067892
0.003645759
-0.274744522
0.073981617
-0.435151869
-1.108990142
0.83017031
1.541803495
-1.276843312
0.302616017
-0.204629334
-0.614029306
0.46238365
0.132734742
0.394985204
0.000176731
-0.052473896
0.15606085
0.685968997
-0.36324962
0.105650163
-0.053949062
0.281565732
0.155037752
0.062357753
-0.05220986
0.155767637
0.537811062
-0.270685464
-0.386784132
-0.769654707
0.429512208
0.803791918
-1.034901859
-0.750282418
-0.099294814
-0.868462791
-0.210566539
-0.16340877
-0.345064109
0.199558133
-0.670299385
0.569473719
0.194055607
0.033661819
0.078067092
0.000297155
0.179744498
0.605360074
-0.047435742
-0.545533956
0.784517435
-0.040635667
0.373603354
0.513945229
0.767499162
0.080549097
0.590483219
-0.339442213
0.04861281
0.318679768
0.369594162
0.045423066
-0.067348427
0.597252523
1.199818206
1.464945211
-0.044480604
-0.803427262
-0.022363947
-0.060515876
-0.211427484
-0.207842672
0.677519213
0.390627307
-0.324844882
-0.034379883
0.45476597
0.321856183
-0.326162726
-0.773856375
-0.026317844
0.101971345
0.160458608
-0.341239667
-0.811459514
-0.079002534
-0.118175448
-0.039911058
-0.270670848
0.304263392
-0.373786611
0.294231277
0.536697339
0.213821779
0.439449742
-0.807392782
-0.094996894
-0.285033838
-0.026781833
-0.329665833
-0.119634045
0.434190647
0.340537463
-0.468770927
-0.161304647
0.137202769
0.189408537
0.087818176
-0.172088438
0.221064677
-0.114105626
-0.308967875
-0.546810116
0.194730822
-0.350739557
0.53471766
0.119457978
-0.076919872
0.433706263
-0.147424113
-0.191362852
-0.194378035
-0.040720346
-0.105073633
-0.228403164
0.018183865
-0.13873797
0.105742909
0.256743233
-0.20972468
-0.169752941
0.122509716
-0.075284699
-0.378433808
-0.299464118
0.294439786
-0.5528863
0.151763764
-0.196196731
0.593200232
0.791391891
0.208907293
-0.121810323
0.07753829
-0.35805688
-0.116085676
-0.51266495
0.308449825
0.658061191
0.221862266
-0.961438074
1.262841131
-0.776745823
0.236240183
-0.088877604
0.124571798
0.205005254
-0.101425285
0.016725124
-0.168746176
-0.823821508
-0.041763854
-0.088318203
-0.295903532
0.00497203
-0.282301354
-0.073616732
0.002956928
0.049480774
-0.315977166
0.234641717
-0.272967405
0.248329717
0.655681191
-0.758330749
0.133279028
0.20216635
-0.272275911
-0.79556922
-0.935370543
-0.681939952
-0.663077669
1.011566386
0.070637534
0.262651236
0.903034367
0.358140416
-0.26838904
-0.183842121
0.091989109
-0.380677186
-0.595656993
-0.250601307
-0.170200834
0.700536251
-0.062369431
0.118852356
-0.354902098
-0.616656855
-0.051512159
0.010296067
-0.122678885
0.064930026
-0.038089353
-0.393530831
-0.530480498
-0.657182827
-0.065280215
0.302154004
-0.603336464
0.240956125
-0.482807306
-0.396829115
0.828011486
-0.123365386
0.378844434
-0.726141096
0.504723575
-1.062739408
-0.090978996
-0.573589038
-0.041597786
-0.842986683
1.732809973
0.559779602
0.026277156
0.748873984
1.284670123
-1.063234878
0.388848928
-0.33934816
0.521914227
0.386307276
0.838096551
1.528003689
-0.145804267
0.525436906
-0.318138211
0.03820109
-0.30427695
-0.524079358
-0.029681607
0.338939724
0.090522623
-0.425592526
0.402780166
0.546090988
-0.519893176
0.30372454
0.556815508
-0.109588487
0.350184341
-0.645526407
-0.129919571
0.170529989
0.562446711
-0.393953654
-0.630997875
0.261635057
0.113080412
0.089725026
-0.156492335
-0.152821829
0.279595185
0.09253098
0.246377321
0.109775555
0.24981936
-0.035437265
0.086229611
-0.039379971
-0.14943971
0.305993408
0.412292592
-0.308694294
-0.116886112
0.139033559
-0.288109617
-0.256271097
0.020558766
-0.267004766
-0.109148625
-0.233540857
-0.103726035
-0.201582179
0.299391517
-0.044393475
-0.062823151
-0.303204069
0.356155382
-0.091027743
0.547792683
0.241789689
0.128670753
-0.085386861
0.005167178
0.145353008
0.005733612
-0.581571908
-0.009587899
0.746280491
1.35665512
-1.933673145
1.188446908
0.84299042
2.973374872
-4.758927741
-5.480183265
-2.15621674
-2.256995173
-1.776031154
2.633482307
-2.29985117
-1.977518439
2.690639056
1.728110685
-1.055989338
1.128255969
-0.447367344
-0.488751446
-0.193465694
-0.129655608
0.221351054
0.226433417
0.263164633
0.004959866
-0.339841478
0.126603392
-0.144437101
-0.397116396
0.16506988
-0.28966067
-0.803235254
-0.690837431
0.621310818
0.903206793
-0.465383127
0.95284739
-0.623206325
0.154320936
-0.151346508
0.400283079
0.184494525
0.044223809
-0.013507789
-0.225778388
-0.061773914
0.210386006
0.140385904
-0.152099102
0.551934978
-0.146567672
-0.487287956
0.443217359
-0.543216486
0.326167903
0.186500192
0.238946073
0.019401203
-0.267678404
-0.640072147
-1.241315321
-0.529303551
-0.628408639
-0.086572577
0.532657538
-0.153294152
-0.139440365
-0.392518404
0.732469123
1.007663126
1.856230062
-0.900949981
0.383399425
-0.060704223
0.13208934
-0.052256821
0.095137239
-0.124381075
0.181926079
-0.340425413
0.063363252
-0.303525247
-0.143180999
0.285229189
-0.617776543
-0.471704161
-0.489213263
0.338174697
-0.182416623
-0.37255974
0.371996904
0.008051031
-0.043468277
-0.476523753
0.060742317
0.347518165
-0.16177819
-0.041494723
0.021354178
-0.065784057
0.029112691
-0.095864409
-0.24612264
0.452956698
-0.041431535
0.833153611
0.718601952
0.721527959
0.386055486
0.352732953
0.41328629
0.273046361
-0.124395421
-0.041512889
-0.269026784
-0.122307841
-0.390078911
0.031093202
0.037865362
0.242494208
-0.025839496
0.209932611
0.199235569
-0.196362269
-0.933969189
1.078610271
0.493057762
-0.510493597
-0.580171577
0.614583811
-0.57461218
0.384261287
-0.507486534
-0.424804977
0.41467692
0.176641233
0.790885442
0.702121886
1.425033217
0.692450066
-0.010873139
0.04184736
-0.175175067
-0.488071248
-0.467311459
0.555098691
-1.086282018
0.974445209
-0.012477648
0.062271794
0.512302152
-0.103057082
-0.584463399
1.451489027
1.730047007
3.137663787
-2.337195426
-0.592427868
0.772248458
0.161998134
0.31321595
0.140318539
-0.120358637
0.076181452
0.289938411
0.031267178
-0.199622235
-0.008280825
-0.036633579
-0.323718384
0.1213234
-0.011018933
0.092071776
-0.04347306
-0.202983377
-0.257423627
0.082361121
0.301146612
0.196177752
-0.101618226
-0.337518778
0.052125156
-0.109179988
0.078483161
-0.445772263
0.819201937
0.470821647
-0.709867083
0.324350583
-0.231702122
-0.04292318
0.130262793
-0.012118348
0.162221151
-0.075177118
-0.27400137
-0.17961415
0.105030049
0.307175469
0.237585762
-0.23557219
-0.289503926
-0.331667176
0.280020785
0.04330743
0.353488382
0.005954858
-0.653393165
-0.160392955
-0.170390233
-0.44565405
0.340952018
-0.421863987
-0.265694402
0.51373616
0.06332933
0.23431893
0.029662186
-0.059043858
-0.31978782
0.340585505
-0.421474487
-0.261934981
-0.351804378
-0.947607202
-0.347332144
-0.890680101
0.650184782
0.435421795
0.414593679
0.179923857
1.41378294
-2.168864861
2.02092358
-0.469923571
-0.858712565
-0.901051319
1.037163924
-0.248444996
-0.741706632
0.49108705
-0.836528794
0.710826784
-1.420649796
-0.837953196
1.397357873
-0.926454694
0.360977112
-0.547452008
0.678523506
0.353214317
0.721232463
-0.450881193
0.011346899
-0.107017993
0.406627766
0.50748646
0.700958736
-0.11005928
-0.327837629
-0.23731261
-0.108620347
0.518742883
0.718893203
0.118421674
-0.30625679
0.396220538
-0.709359633
0.108937215
-0.767481331
-0.044754826
0.762212071
-0.043213436
-0.147414508
-0.432292041
0.150294999
-0.221188444
0.114348494
-0.183233186
-0.392727438
-0.126810657
0.501034845
-0.443709013
-0.0171576
-0.163993028
0.15461286
-0.295543919
-0.677980281
-0.486359965
0.659473092
-1.768284077
-0.558909519
-0.867235548
-0.691997088
-0.0085336
0.126857929
-0.334870808
0.2379268
0.569790021
0.408368011
0.116001724
0.136633663
0.150632692
-0.175468717
-0.050483016
-0.193230212
0.438802734
0.16540866
0.330092419
-0.24480495
-0.43781309
-0.155316567
0.09751675
0.077239837
0.038204195
0.200894641
0.050607078
-0.215567001
0.122007018
-0.437388149
0.390399467
-0.126683329
0.758495509
0.456484629
-0.697704049
0.276677791
-0.1681603
-0.225958715
-0.269038648
-0.123956603
0.467288694
0.479593162
-0.397087622
0.581528251
0.074252768
0.307717998
0.247840474
-0.101198801
0.044994749
0.250250657
-0.617210479
-0.777742031
-0.188198525
-0.268173529
0.271058416
-0.052972126
-0.185588065
-0.360000546
-0.513475012
-0.053999107
-0.005229425
0.463446411
-0.226468169
0.354831163
0.18377447
0.215676071
0.383541499
0.347668109
1.005704071
-0.847388321
0.251422112
1.042635217
0.060367922
0.430851817
-0.006830591
-0.387745535
0.229706411
0.098682312
-0.295410183
-0.500755127
0.916110531
0.833011741
0.17938825
-0.64133918
-0.449410137
0.085517779
-0.276443265
0.58405124
0.650301291
0.384036784
-0.59875995
0.535481672
-0.896714864
-0.890670507
-0.291327681
0.037016232
0.112396444
0.226284285
-0.011328376
0.357394266
0.662748278
-0.640049902
-0.772752982
0.369601325
-0.341270193
0.402453693
0.03469243
0.301092032
-0.076899613
-0.428093699
0.121531522
0.151202342
0.082291739
0.18412135
-0.015190729
0.059447531
-0.133324293
-0.443447387
-0.758339987
-0.686793935
0.205976132
0.135863667
-0.26177585
0.117454762
0.408753335
0.217138298
-0.203999761
0.171235739
-0.064281238
-0.213302273
-0.013003116
0.525913901
-0.42933815
0.329116746
0.169006528
-0.467906116
0.088161917
0.252160979
-0.300079908
0.187584022
0.162418745
0.285655586
-0.38866037
-0.882946379
0.701837752
-0.182281607
-0.068893764
-0.082033096
0.186791147
0.379908455
-0.216314906
-0.574345681
0.468918084
-1.780392312
-0.129003239
-0.100504127
0.327749739
-0.386790686
0.279564826
0.965182825
-0.967234265
-0.035235457
0.467779155
1.158089941
-1.048396216
-1.540499242
-0.484392494
0.477668447
0.634607092
-0.778046343
-0.044423067
-0.240526712
0.750304923
0.027403471
-0.089372389
0.095491535
0.273618454
-0.2163641
-0.288230899
-0.161484175
0.227857678
-0.172479311
-0.13885857
0.425373341
-0.177559173
0.072129845
-0.407157894
-0.131980849
-0.578107501
0.495300472
-0.082387855
0.259258219
-0.003700784
-0.111524557
0.059131461
0.343919656
0.185624703
0.072630833
0.039461429
-0.117854723
0.200685605
-0.541096235
0.200744096
-0.195891222
-0.194139123
-0.100469444
0.092688259
0.217493752
-0.390306768
-0.102400439
-0.264840898
-0.830107792
0.209929701
-0.26043089
-0.469609209
-0.077885151
0.07940458
-0.204809291
-0.23886279
0.053242658
0.569926672
0.307639889
-0.378848131
-0.392826698
0.079171823
-0.139352146
0.001006978
0.010903657
0.380520375
-0.060440904
0.00853152
0.269536678
-0.310205699
-0.245637598
0.405670099
0.340744775
1.096117849
0.644398999
-0.128831143
-0.464506653
-0.624674403
0.364476535
0.712481816
0.206429442
-0.056896273
0.212853983
-0.027213212
-0.586940688
-0.278339853
0.560990564
-0.859343161
-0.455260953
-0.384392086
0.16550612
0.058161611
0.328280322
0.221798342
0.150066832
0.452120681
0.863812047
0.82465474
-0.725201035
0.288278707
-0.480173486
1.247205453
-0.15408996
-0.205848613
0.029934854
-0.215514293
-0.223702891
0.271829621
0.727892514
0.57725344
0.013140841
0.088950324
0.264401119
-0.315651234
0.133740883
0.233185878
-0.463147532
0.072861087
0.086249805
-0.275112591
-0.015870532
0.128737548
-0.036249424
0.118306922
-0.257793014
0.165478118
-0.085593687
0.227216676
-0.428008768
-0.053927272
-0.594207667
0.003191867
-0.198486341
0.141885774
-0.11685342
0.471949664
-0.770737867
-0.223191319
0.138182178
0.11123736
-0.121195303
-0.564720168
-0.314858645
0.38915377
0.208606548
0.679582807
0.882986695
0.19329531
-0.159982605
-0.220227622
-0.05213642
-0.637892763
0.241174001
0.398268877
-0.740145985
-0.713704305
1.193610185
0.798463156
-1.249026202
2.723485535
-0.792739741
-2.308519418
2.906959902
2.060318102
-0.685299689
-0.648507675
-0.700015505
0.799800879
-0.856072421
0.922732405
0.656001242
1.317687397
-0.16000016
1.372969092
-0.354606865
-0.2176816
0.060386573
-0.155499989
0.013467712
-0.012973251
-0.090023021
-0.434358761
0.057328259
-0.529411505
0.423565257
0.608928951
0.380958818
0.375988403
0.378276709
0.4799218
-0.444943812
-1.301269802
0.141762948
1.676972335
0.830107648
-1.361857479
0.482717533
-1.112402208
0.262290737
0.228156577
-0.211559441
0.111721516
0.235790118
-0.114001185
-0.369017001
-0.229726971
0.400082359
0.844673913
0.538994586
0.708301418
-0.073482235
-0.16926371
-0.103708496
0.21668462
0.36387253
-0.496142521
-0.393968242
0.352789613
-0.53924041
0.010378636
-0.663581382
-0.943841983
0.323283211
0.141971395
-0.606080248
-0.224985359
-0.113257269
-0.060645559
-0.086935395
0.540185283
-0.278249165
0.185101834
0.708130261
0.064472223
0.300324226
0.445849179
0.657458309
0.690386181
-0.556789953
0.438915313
-0.164398067
-0.022063374
0.312534255
-0.421266646
0.83515645
0.112635901
0.317860088
0.240721692
0.123064137
0.089593943
0.41400895
0.408346263
0.304684056
-0.028244511
0.177272909
0.169826825
-0.439536797
-0.495276016
0.204439626
-0.083224932
0.131729376
0.043116882
-0.274835359
0.248759203
-0.025171889
0.536307777
0.351032138
0.406454146
0.992773829
-0.017415683
0.359548644
0.272788204
-0.377763625
-0.667809481
0.172513779
-0.431915885
0.099881709
0.062388009
0.021056153
-0.227423737
-0.336413871
-0.011360164
-0.103944079
0.004730963
0.004257332
0.111499377
0.620891137
-0.286598899
0.263966228
-0.223464286
0.134991705
0.081526404
-0.005498954
0.36486623
0.082592949
0.102433071
-0.34172694
-0.202531428
-0.143707189
-0.392911948
0.10496941
0.459784013
0.563669295
0.432323005
0.569179574
0.46498097
0.560954133
1.216311047
-0.444193796
-1.096260064
-1.097974458
0.903246024
0.10591499
0.777545951
0.423623893
-0.15483114
-0.013949121
0.514471414
-0.472195143
0.425724977
1.176978456
0.115500241
0.238411968
-0.189863448
-0.395272961
-0.054504511
0.008472214
-0.342881377
-0.095005879
-0.070025031
0.057573241
-0.033705527
-0.840512712
-0.278873683
1.025049283
-0.238573327
-0.226741301
-0.070113129
0.255016436
-0.299211959
0.249508515
0.048359582
0.262288275
0.421132276
-0.474960719
0.141137762
-0.422945728
-0.009582392
0.363592223
-0.231368955
0.277786989
0.395995327
0.302156361
0.214313188
-0.212323586
0.594146793
-0.532401309
-0.176180524
-0.864743867
-0.753640843
-0.309791141
0.492020369
-0.18607868
0.039932215
-0.064373096
-0.206906509
-0.2546716
0.179037692
-0.123829539
0.122447974
-0.023807625
0.279580271
0.385169681
-0.329357583
-0.055728956
0.531456017
-0.355040978
0.391209818
-0.628116402
-0.534488627
0.174573753
0.323130628
-0.396527645
-0.045702414
-0.020464376
-0.01341599
-0.156212064
-0.23381335
-0.148174039
-0.157251563
-0.142129886
-0.586708335
0.246968162
0.035657258
-0.549179178
0.799357577
1.443922318
0.242358378
0.921940205
0.007724467
-0.355018207
0.560628924
-0.125650486
-0.111655955
-0.484314543
-0.005209087
0.00300251
0.202525571
0.018554588
-0.159092145
0.26724638
0.154345584
-0.535472276
-0.064098233
0.436094454
-0.446336943
-1.395074742
-0.7208723
-0.097476893
-0.628023399
0.426111861
-0.177599754
0.194158181
0.095558077
-0.060175245
-0.377342116
-0.086868529
-0.445174364
0.292022988
0.148522812
-0.076934891
0.014599634
-0.586750155
-1.184536302
-1.29121198
0.791849376
0.304381035
0.035372588
-0.00663943
-0.090349272
0.544910047
-0.036122715
0.186516515
-0.003153148
-0.048916017
0.167211967
0.039443968
0.05761374
0.396612407
-0.12356279
0.400773172
0.587220322
0.006905723
0.45897405
0.088126232
-0.047940439
-0.097245635
-0.561281517
0.031551343
-0.359558447
-0.200893013
0.358729404
0.290847078
0.220904695
-0.191515626
-0.039877317
-0.227149685
-0.484101738
-0.189893122
0.183769193
-0.132551323
-0.065076919
0.56554413
0.583001671
0.08400583
-0.065857034
-0.212129993
0.002762912
0.576109189
0.37875072
-0.338824163
0.729489491
0.29589597
-0.515411561
0.251452689
0.004970659
-0.284209487
0.040675873
-0.50320088
-0.242416032
-0.308510992
-0.007647878
0.139510737
-0.494757502
-0.406558498
-0.423821269
-0.559363387
-1.38370529
0.256926761
-0.612252098
0.411711798
-0.520681043
-0.106471563
-0.207872394
0.464725322
0.168269734
-0.070793122
0.352204328
-0.325285879
0.739393201
-0.000946587
-0.653616118
0.030204823
-0.477737644
0.420825726
0.04840234
0.387798218
0.628053053
-0.461652001
0.490673963
-0.702852134
1.477005712
-0.53094374
1.358353636
-1.045861519
0.943219923
0.942874486
0.782745993
-0.022917183
-0.609147495
0.751166325
0.35908011
-0.428028593
0.399555642
-0.649777513
0.572979678
0.042851723
-0.584932935
0.775194606
-0.642385477
-0.92748723
1.969802493
0.830916252
-0.226749599
1.25728258
1.341318772
-0.500116139
0.733584666
0.304238432
0.165574124
-0.107025109
0.311310556
0.478493173
-0.062854876
0.042871516
-0.466479485
0.4715247
-0.336348705
-0.591747555
-0.073149005
-0.326684922
0.23870149
0.281144269
0.829921398
0.213949245
0.463509622
-0.417871012
-0.338096661
-0.345169781
0.260401183
-0.780047532
0.311367403
-0.254864463
-0.140195416
-0.486402722
0.246396818
0.045482905
0.0262928
0.095825797
-0.122009892
0.041588481
-0.061680605
0.030996848
0.209034934
0.352452321
-0.553604825
-0.82334902
0.274420018
-0.919506957
0.99441804
1.424574626
-0.215168735
0.100844679
0.189211585
0.205923401
-0.568239405
-0.793620369
-0.298446856
0.000794228
0.345028715
0.921968102
-0.475022676
-0.097502744
-0.172507372
0.175511551
0.366247741
0.064539705
0.332287346
0.262087074
0.164711491
-0.026610137
0.047084611
0.066780476
0.120614077
0.545463822
-0.346374932
-0.227566989
-0.378233087
-0.680532785
-0.176194051
0.834532718
-0.001657814
-0.694701429
-0.738277176
0.102044632
0.537452741
-1.048056329
-1.008151801
-2.02477622
2.184738831
-1.145442229
-1.6677777
-1.280583613
1.117694127
0.575201165
0.490248886
0.522663555
-0.303982527
-0.009496287
-0.253393727
-0.301302345
-0.391929714
0.170595089
0.080151988
0.155427918
0.319757051
-0.628623593
0.864579163
-0.695926575
-0.263957914
0.085323333
0.4084653
-0.619756138
-0.800255337
0.264693325
0.094810243
-0.184719582
0.009535155
-0.42849732
-0.64619874
0.289405456
0.186943014
0.459858893
0.153930126
-0.225895507
0.357826969
-0.422539503
-0.78038576
-0.689036238
-0.089751931
0.341158529
0.465784125
-0.907574316
-1.336167348
-0.386751084
-0.22365323
-0.498558558
0.661909755
-0.106320224
0.25287559
-0.036687716
-0.232242287
-0.059922444
-0.332349857
-0.69503002
0.119950646
0.224565732
-0.046833817
0.055807708
-0.187427295
0.185720534
0.144182103
0.148771476
0.041927443
0.018870503
0.453678479
0.427258333
-0.283818533
0.175132864
0.694382548
-0.732852227
0.618277804
-1.642505233
-0.200686713
1.28000046
-1.179489054
-2.580016005
0.202717507
-0.595628685
0.539763485
0.355209335
-0.387945214
0.405421758
-0.24705685
-0.08188705
