-0.139434252
-0.467998181
0.350246117
0.220147738
0.476852586
0.619782577
-0.501506604
0.84007275
0.158967235
0.021773833
0.052852151
-0.21338772
0.001188998
-0.045148581
-0.115118758
0.069463764
-0.238106227
0.019330936
-0.02972139
0.054176568
-0.036018194
0.207315713
-0.362324398
-0.305283692
0.162869634
0.307043934
0.032593024
0.113320829
-0.003243299
0.094450558
-0.019763012
-0.050309662
-0.513603675
-0.088615234
-0.362957436
-0.517405909
-0.210520686
0.049335141
-0.35055698
-0.015161824
0.9443506
-0.6382979
0.927840584
0.659269702
-0.244205853
-0.036892759
0.06896765
0.131869804
-0.431574638
-0.123507372
-0.034652272
-0.038051395
0.145261378
0.212843571
0.417529151
0.020814184
-0.071787986
-0.013520807
-0.349850035
0.006390818
0.200930499
0.211148498
-0.999875295
-0.00884748
-0.008508255
0.022168255
0.041925777
0.349759158
-0.344961054
-0.287244877
-0.612043303
0.381930469
0.159874845
0.163011266
-0.189647514
-0.100796682
-0.324619464
0.403030225
-0.219854625
-0.062535533
0.309162706
0.12164813
0.137793991
0.008042343
0.363308806
-0.085869163
0.341959357
-0.314520964
0.021051212
0.325967618
0.195440062
0.3170773
0.50025074
0.311049235
0.017779412
0.384928637
0.043151293
0.285894062
0.11041867
-0.14931695
-0.011867561
0.378793314
0.604748606
-0.648907564
0.171576324
-0.265899595
0.117940355
-0.063121899
0.103981237
-0.057523859
-0.051293636
-0.139329334
0.093368916
-0.296444948
0.146006784
0.644309477
-0.153219286
0.438662674
0.089495455
0.364526859
0.15300986
0.167060526
0.149205499
-0.01824102
0.062735423
-0.163289227
0.126148475
0.371594308
0.063836384
-0.026114911
0.075727949
-0.493708271
-0.231545064
0.038446775
0.201932204
0.509215731
0.407205292
-0.875129483
-0.509981379
-0.218402256
-0.195937484
0.347634491
-0.02154277
-0.027383091
0.153442532
0.014112083
0.722026389
0.515969573
-0.122034593
0.642159403
-0.100777632
-0.310172885
-0.127152855
-0.18918171
-0.198815307
0.245914615
-0.402317066
-0.036113132
0.032039807
0.11149887
-0.223973837
-0.005655118
-0.410380077
0.082703418
0.177085126
-0.086000359
-0.475228732
-0.305281824
-0.104658938
0.217007008
-0.056039965
0.315157722
-0.247587436
-0.243462427
-0.34923407
-0.41355645
-0.935712107
-0.023189263
0.893386203
-0.131538893
-0.324529207
-0.378753121
0.121148648
0.149400337
-0.210773049
0.106346937
-0.064637146
0.496957518
0.079503031
0.909169544
0.763981571
0.472538182
0.068330391
-0.107474956
0.126014002
-0.123436059
0.231084235
-0.115453463
0.091007438
-0.456553934
-0.486467498
-0.087833918
-0.507079087
0.000534902
-0.12903289
0.174475813
0.08910172
-0.279653307
-0.197099757
0.04187494
-0.383180029
-0.321479325
-0.282818978
-0.579957678
-0.054049994
-0.692834937
-0.196389002
0.65800652
0.384285068
0.109050851
-0.192844957
0.26831151
-0.685251772
-0.356081095
-0.297309324
-0.243362211
0.044283907
0.042816085
-0.030193578
0.067774835
-0.03257486
-0.160498121
0.014967332
-0.309797955
0.427682986
0.500089365
-0.534586144
0.30305258
0.319593306
-0.165089695
-0.05002799
0.346739539
-0.13823758
0.026228712
0.032134353
-0.559652165
-0.29623864
1.069898993
1.406958619
0.582726848
0.628098037
-0.452410215
1.264091944
0.11416114
-1.630643924
0.917630507
0.590290879
0.261504456
0.226750871
0.173497578
0.540076222
0.445566593
0.471083255
0.054225484
0.370773939
-0.196539528
-0.367890689
0.342257785
-0.880849172
0.891276391
0.711633138
0.408811502
-0.197546251
-0.008096166
-0.059389702
0.280664855
-0.039662857
-0.219637807
0.073484593
0.149881452
-0.335758622
-0.379981944
-0.529344227
-0.461962302
-0.796032013
-0.452081804
-1.364060963
0.063197906
-0.054580327
0.118592367
0.214508591
0.168625537
-0.07871684
0.28833468
-0.129786068
0.002941515
-0.688502609
0.993660761
0.418684722
-0.525758883
-0.499631415
0.665472864
0.597138719
0.053195176
0.089491225
-0.207734126
-0.186651481
-0.140967769
0.1692836
0.079429348
-0.465242074
0.490216225
0.172237183
0.81188717
-0.391122392
-0.605605108
-0.550357043
-0.717928734
-0.220187653
-0.051579237
-0.111843561
0.361702331
-0.593653242
0.01282125
-0.114086519
0.069586072
-0.186521275
0.06801624
-0.354416427
0.291251803
-0.042689556
0.598062238
-0.293309242
0.259791989
-0.339955605
0.246924247
0.012485477
0.303410448
-0.3768605
0.10466578
0.22711382
-0.227957264
0.022879491
0.436815602
0.122058072
0.122666325
0.005875832
-0.125093864
-0.310738667
0.104109847
0.159957713
-0.073159574
-0.105385125
0.02325615
-0.144878135
0.058246349
0.229461297
-0.334001417
0.394404947
0.336282111
-0.316237463
0.269999424
0.542828916
-0.904521016
0.767960808
-0.184755146
0.224223076
0.280594904
-0.386351792
0.330565917
0.421763192
0.04062113
-0.03190847
0.263952997
0.345426907
0.273744741
0.008487443
0.128398872
0.126816634
0.30524531
-0.230553848
-0.098961399
-0.007525476
-0.358689553
-0.555332368
0.103949167
-0.480494874
-0.006123455
-0.347258974
0.829375442
-0.328525222
-0.881366299
0.276268017
-0.060445481
-0.302780285
-0.497945515
-0.037036654
-0.384644447
-0.462377744
-0.139821619
0.080857537
-0.210409254
-0.172537375
-0.016377925
0.137273163
-0.039434453
-0.133207512
-0.169202
-0.463935966
0.173218251
-0.304563248
-0.306195208
-0.059208573
0.060721213
0.233398537
0.11850484
0.681298114
0.173368237
-0.122984254
0.257680235
0.233601993
0.20228828
0.058137108
0.132119806
0.237707898
0.168092779
-0.336696141
-0.054887041
0.122087539
-0.206494811
-0.045143499
0.200132113
0.078774936
-0.125306617
0.078595971
0.284791837
-0.356396321
-0.047947519
0.32349274
0.241591749
-0.385073933
-0.474224714
0.532360422
-1.043342189
0.280760351
0.846807678
0.032635094
-0.545964391
0.167758878
-0.271223119
0.147406109
-0.158988921
-0.101201193
0.158491743
0.406152322
0.196387022
0.246454871
0.421470195
0.104353554
0.260502983
-0.063502156
-0.092219929
-0.047359992
-0.133405295
-0.578391239
0.493233852
-0.263401279
-0.402757506
0.058913944
0.245144745
-0.245966402
0.430036601
0.080302643
-0.386704166
0.218274334
-0.309098394
0.156718434
-0.643308313
0.212359248
0.237741904
0.008559029
-0.064284558
-0.22665087
0.16632501
0.004093423
0.386234319
0.045980122
-0.509794492
-0.304978107
0.041589941
0.312739198
0.131157983
-0.043195964
0.154562695
-0.275673154
-0.217381368
-0.301831116
-0.209067343
-0.215047213
-0.181003412
0.09964972
-0.068345843
0.262125038
0.06067222
0.023703915
0.061517812
0.153789515
0.149980847
-0.003121138
0.054400298
-0.063702015
0.34397985
0.329466283
0.589461882
0.129045654
0.185102619
-0.348007271
-0.12505085
-0.414910292
-0.200761676
-0.276467871
0.12870136
-0.179618065
-0.155432863
-0.297260144
-0.086822217
-0.666354502
0.402293941
0.156810569
0.217547068
-0.060506454
0.053720741
0.40147165
-0.574600433
-0.454327867
0.252947142
-0.448475954
0.474742669
-0.110655054
-0.010231924
0.103232906
-0.358378274
-0.075435214
0.098335845
0.444055999
0.416641338
0.000622144
0.246537006
0.212371421
-0.307383599
-0.007786639
0.086989227
-0.097315581
-0.205947168
0.033435775
-0.000823567
0.505120601
0.2919819
0.12613449
0.376978166
-0.167006671
-0.317056775
-0.368870935
-0.438321266
-0.473867931
0.183280011
0.157771579
0.114437101
-0.099031149
0.217719782
0.115320836
-0.146017467
-0.32922332
0.287173847
0.33237719
0.316268257
0.500437919
-0.443984249
-0.381669349
0.038755543
-0.108357712
0.058239293
0.063524009
0.088026232
-0.340627726
0.053160576
-0.243359718
0.017213528
-0.045061638
-0.577058132
0.416024244
0.196708029
0.084822965
0.052540064
0.005264805
-0.188755842
-0.010737289
-0.120594472
0.167733386
0.317190143
-0.214605406
0.409726683
-0.413480374
-0.344053862
0.027903174
0.389078255
0.097459209
-0.12931472
-0.049528736
-0.146909403
-0.241993927
-0.098457742
0.321716027
-0.184057547
0.112419634
0.252476804
-0.311732162
-0.055232734
0.359500544
-0.440434358
0.173983507
-0.39388884
-0.652529262
0.697601027
-0.764407464
-1.256826448
0.506041957
1.476447536
-0.367499511
-0.57903335
-0.171527974
-0.57918415
0.277438157
0.289494605
-0.062030769
-0.083761802
-0.104808642
-0.268676875
-0.066353903
0.193790019
-0.028767532
-0.235874227
-0.500867822
-0.312604616
-0.057210886
-0.177241858
-0.386599317
0.090638779
0.131480387
-0.045864361
-0.260383672
-0.330979752
-0.11183426
-0.004117468
-0.097493907
-0.019899229
0.127900173
0.050795149
0.437166009
0.294670057
0.072055235
0.188361193
0.27702043
0.107072337
-0.692969758
-0.595906874
0.628257642
-0.291822397
-0.311717738
-0.381230027
-0.417794005
0.588148418
0.245190456
1.046751938
0.517318318
-0.071074067
0.218444119
-0.223267332
0.39605171
-0.175179254
-0.194546431
0.37226205
0.071756414
-0.032848832
0.436002573
0.221693895
-0.149981559
0.188906993
0.026670682
0.222395233
0.657272117
-0.802798184
1.235882465
0.390172695
0.275474709
0.69600572
-0.185411354
-1.083501114
0.890772847
0.607716955
0.164197364
0.012031315
0.018609925
-0.281020498
-0.10814043
0.100345496
-0.19519306
-0.051549621
0.031246012
-0.2408362
0.059374274
0.052518538
0.027759149
0.735057201
0.282565368
0.505961819
0.109779873
-0.129927768
0.017754434
-0.23963132
0.019624414
0.120556428
-0.152497515
0.160419772
-0.242188799
0.209221201
0.105925732
0.107628919
-0.176650377
0.62237023
-0.112529583
-0.610609074
1.090390392
0.707888462
-0.752064541
1.390066938
0.211050165
-0.571623824
0.24320682
-0.225289568
-0.465707093
0.289798867
0.343068702
0.759123319
-0.081879155
0.026149804
0.016595494
-0.25092224
-0.35719149
-0.260089145
0.40489756
0.295897824
-0.35768408
0.020220741
0.409037283
0.025585408
0.015415859
-0.191355214
-0.255944689
0.059276899
0.380028075
0.146319057
0.369525779
0.027325339
-0.192021145
0.52707231
0.264337324
0.240176166
0.196969478
0.371156541
-0.286754001
-0.6800638
-0.510804455
0.322265616
-0.187392075
0.118790691
0.043389026
0.032940825
0.27877127
-0.166202507
0.178836777
-0.171346674
-0.091496184
-0.074899266
-0.051193951
0.09676726
0.376438876
0.113934755
-0.153107174
-0.321689415
0.024579601
0.106200069
-0.119291072
-0.019601012
-0.033610963
0.019544586
-0.20464705
-0.095219534
0.157881749
-0.405158323
-0.268609264
0.086305673
0.038739523
0.083776374
-0.493217666
0.148631666
0.738175567
-0.115345186
0.555733372
-0.27027543
0.189989661
0.194007153
-0.018107523
0.04416109
0.006763796
0.250019042
0.229584532
0.061830092
0.254813726
-0.348424034
0.032954363
-0.055046152
-0.496091728
-0.071178738
0.472601672
-0.680084795
0.969809298
0.436923502
-0.560649701
-0.136705013
-0.095502372
0.001622799
-0.054261736
-0.605184907
0.077359277
0.025894109
-0.098592708
-0.054944617
0.19419436
-0.146403264
0.223038636
0.629868536
-0.747675632
0.921411447
-0.134294193
0.002587959
0.154207669
-0.035695092
-0.130229446
0.263591685
0.128296712
0.275805448
-0.022670562
-0.17145858
0.042195885
0.238685876
0.23225896
0.701002633
0.5071903
0.027934007
0.54491512
0.280948799
-0.020280517
0.147342641
-0.125732498
-0.217355568
0.461055829
0.484944982
-0.229923306
0.56028097
0.28733694
-0.700604099
0.384785199
0.077666865
0.027597488
0.195956075
0.23298051
0.21357762
-0.292480305
-0.112156407
0.124299196
-0.007975624
0.116159441
-0.305364902
0.262380911
0.276481965
-0.343489396
0.498514368
0.09337198
-0.123884292
-0.184287958
0.266032729
-0.257876962
0.569267743
0.450469514
-0.014937649
-0.064605519
0.200886291
0.417227764
0.112549519
-0.350063914
0.446955143
-0.345939684
0.790016676
0.486428922
0.363202996
0.071322607
0.291236073
0.130362729
-0.198294659
0.056860057
0.149235009
0.308662716
-0.233352822
0.487999802
0.291122455
-0.056772076
0.381016449
-0.05172782
-0.203972258
-0.077314529
0.277902648
-0.124098822
-0.074346317
-0.191587315
-0.003212493
0.326408033
0.429940346
0.231371283
-0.626781651
-0.098106806
1.73938268
-0.460812496
-2.862998747
0.138993774
-2.29801883
0.079924847
-1.544485849
0.246208215
-2.294426902
1.02999919
1.845317322
-0.164093976
-1.91193663
-0.997765852
-0.976636595
-0.657496835
0.113544013
0.456673109
0.060007593
0.053743545
-0.126628883
0.15624265
-0.177266154
0.296544196
-0.055914521
0.356575937
-0.390768506
0.152687218
-0.21093061
-0.310087371
0.495382306
-0.002537868
-0.134738684
-0.232354437
0.014988224
0.198838461
0.062385808
0.400709631
-0.061721209
-0.454253215
0.655840069
-0.32374554
-0.490215665
0.122033853
0.889484082
0.170888756
-0.729952479
-0.164441007
-0.785479986
-0.396347086
-0.95219673
0.233177678
-0.12191918
0.60276307
0.288667353
0.074678725
0.188541506
0.439553322
-0.342201977
-0.563179995
-0.076463791
-0.087019155
-0.185183242
-0.128831794
-0.206154014
-0.105222924
-0.197625189
0.178451131
-0.359651945
0.009218611
-0.02321571
0.401161676
-0.328870834
0.17480372
0.312174995
0.010307394
0.461575851
0.285074901
0.78570841
-0.794011461
0.033271262
-0.461871242
-0.320805322
-0.336646245
0.256210874
0.291215776
0.100524109
0.293095139
0.104745426
0.416571713
-0.386808457
-0.565985995
0.079776264
1.167226123
1.362333275
-0.594074015
-1.592811995
-0.310139385
-1.409034078
-0.357191555
1.86807691
0.713170636
-0.195759259
-0.57713152
0.066806712
0.52211614
0.140909909
0.546533378
-0.043924974
-0.371383895
0.212971475
0.167453643
-0.170212089
-0.574857397
0.443177755
0.414297127
-0.280059517
-0.145492226
-0.028805766
-0.168779434
-0.097064155
-0.248120155
0.024605901
0.666839305
-0.067408212
0.585074908
0.228593867
0.456576554
0.139392502
0.233438296
0.401234106
0.093093648
-0.287315755
0.563251601
-0.383878886
0.729263184
-0.227240228
-0.082116977
-0.029036803
-0.17927777
-0.062034539
0.493246757
0.369745822
-0.458725247
0.411660825
0.390531244
0.157955158
0.39710903
0.357747678
-0.121897955
-0.037880976
0.349255804
-0.278793975
0.592367632
0.019577317
1.030186651
-0.163952598
-0.234448417
0.511279225
-0.700192902
-0.222232687
0.698479667
-0.074210891
-0.668304311
-0.239438344
0.40314149
-0.677885966
-0.111433308
0.385682098
0.027891087
0.163154709
0.520907689
0.109285046
0.296671536
-0.251557203
0.014632733
0.110190233
-0.184990815
-0.005288574
-0.237914119
-0.165722117
-0.081326004
-0.149560943
-0.450998165
0.159460293
-0.063939176
0.050938072
-0.043122321
-0.059081894
-0.308781657
-0.004586128
-0.817665686
-0.019861667
0.034330519
0.330153456
0.08552363
-0.317842805
0.226483915
0.54273129
0.01719399
0.045024719
-0.015305441
0.335980049
0.011891625
0.524057691
-0.043003978
-0.491089255
0.300696949
0.067132792
-0.390737352
-0.136882222
0.081055749
0.030502473
-0.07701717
-0.013354895
0.16835718
0.263550871
0.082568376
0.189750664
0.044302721
-0.172438213
0.082450435
-0.005864049
-0.285968268
0.375164921
0.546798879
-0.400410986
0.211915208
-0.413318253
0.062441248
-0.127124657
0.015244121
-0.147455601
-0.2391659
-0.545206702
-0.197679204
0.887712024
0.790710085
-0.293435081
-1.104824659
-0.05655093
-1.141447507
-0.027323251
-0.246488561
0.114607085
0.129689241
0.136659025
0.138544483
0.413347518
-0.301310096
0.295218882
-0.070018493
-0.024488167
-0.217532527
0.041583695
0.050059169
0.161384359
-0.251658431
-0.036731896
0.552560554
0.339673453
-0.360875194
0.329546703
-0.67750432
0.437321323
-0.836354608
0.395511907
-0.366552985
0.583658542
0.042631181
-0.707105867
-0.303138842
0.224844613
0.472201481
-0.320795522
-0.229396233
-0.355886378
0.10321622
0.539813997
0.024715053
0.200300648
-0.032112598
0.423891347
0.147960606
0.23453338
-0.315326477
-0.605383139
-0.850797855
-0.706240826
-0.51848997
0.147868667
-0.002535748
-0.687649694
0.211182289
-0.277392449
-0.135451104
0.070923919
0.272313817
-0.02637635
-0.196137979
0.164335495
0.109219585
0.102065046
0.55260336
-0.334429177
0.324888175
0.532473304
0.12193968
-0.340403531
0.375169378
-0.062302504
-0.077751367
0.11496239
0.235619622
0.05316303
-0.279068655
-0.154631319
-0.260821344
-0.548319328
0.173074492
0.349981653
0.156851391
0.299312367
-0.023848985
0.0382578
-0.425094647
-0.167829423
-0.107638875
-0.0920765
0.304670153
-0.515234511
-0.101156719
-0.122738124
-0.220069635
0.038659149
-0.280978562
-0.182392775
-0.486406938
-0.307930826
0.057861948
-0.30924737
-0.468079139
0.174539625
-0.994366445
-0.691412905
-0.151668731
0.993013931
0.012677418
-0.66545707
0.363407362
1.503884937
-0.283527647
0.200472326
0.134519684
0.277802595
-0.084216328
-0.279466787
-0.176862121
0.285515118
-0.320585636
-0.005609342
0.270234946
-0.234804146
0.578426789
-0.00986922
-0.060471862
-0.19012316
0.065236997
-0.08170833
-0.320810996
-0.065231897
0.097297486
0.117747272
-0.097740945
-0.003354037
0.135366913
-0.168883194
0.103343352
0.023106389
-0.21073537
0.034774258
0.492036788
-0.35230268
0.776698988
-0.231058414
0.272093648
-0.295421826
-0.1362018
0.067393007
-0.262398157
0.198392077
0.562649442
-0.150884924
-0.301981934
-0.25997718
0.389519215
-0.210665601
0.266892292
-0.33357117
0.357079824
0.205321976
0.062093071
-0.163752321
0.308394202
0.30539642
-0.284693335
0.265826394
-0.641454188
0.355758026
-0.050896642
0.290707517
-0.43870601
0.212593232
0.065065906
-0.167491975
0.604012827
0.637955398
-0.028332084
0.200061709
0.227655406
0.019752102
0.239274457
-0.099461357
0.638073028
0.060739576
-0.890520766
0.131444013
0.042936431
-0.34851293
-0.072831519
-0.123646797
-0.082715878
0.134747091
-0.024547062
0.326993885
0.091082378
-0.056029133
-0.719896125
-0.407230209
0.551677661
-0.165657348
0.485457486
0.114650941
0.92196504
-0.031188837
-1.002539244
-0.412522586
-0.093362484
-0.15477283
0.141847482
0.074240277
-0.472938739
0.189275457
0.130267724
-0.357369136
-0.350645549
-0.263219516
-0.470095639
0.181519618
0.217521304
-0.016905456
-0.199261995
0.070613331
0.191604995
0.032037085
-0.032956819
0.054598494
0.055131862
0.093140971
0.259208939
-0.077223963
0.23385598
-0.53281946
-0.319786659
0.566557523
-0.09215082
-0.299696385
-0.11008875
-0.269113438
0.138401331
0.04279892
-0.45122464
0.176917022
-0.24833296
0.012509895
0.12653627
-0.163527393
-0.172233278
-0.249271358
0.094550739
-0.201793702
-0.022926018
-0.264554403
0.145998799
0.458093629
-0.445207819
0.219864401
-0.418272834
0.117194494
0.260104362
0.000433333
0.078873882
-0.180861195
0.102868468
-0.396587746
-0.258718685
0.276025729
-0.238729045
0.115092699
-0.333012389
0.156002378
0.09223972
-0.35825803
-0.106122752
0.051972515
0.003992623
0.087900795
-0.189888586
-0.048991215
-0.278865148
-0.420128913
-0.069838396
-0.110525727
-0.06944642
0.027468154
-0.090738088
0.16170514
-0.39614659
-0.94137902
0.163265092
0.860733073
0.594653546
-0.615865338
0.197900564
-0.352350671
0.218962441
0.456282404
-0.395804677
-0.634853213
-0.209201678
0.147838407
-0.466661612
-0.264728262
-0.08338143
0.465101302
-0.082221896
-0.552088017
-0.160153998
-0.095396713
-0.110163368
-0.247905584
0.31931398
-0.394707727
0.092316761
0.776252414
-0.095262751
-0.079184376
0.041474134
-0.296844495
-0.127476167
-0.231380908
-0.099792582
-0.216909436
0.337286757
-0.129203048
-0.154245187
-0.323448188
0.081894263
-0.216104992
0.428810451
-0.047355736
-0.650105752
0.057920083
0.353579446
-0.004548809
-0.057517749
-0.429793499
0.1109794
-0.342845481
-0.243392723
0.345654341
-0.050670048
0.297253359
0.222411323
0.139230103
-0.149944956
-0.014928747
-0.065454723
0.454256514
-0.273611247
-0.231679305
-0.134243383
-0.196570614
-0.199943146
-0.035932555
0.127149027
-0.113958056
-0.217470694
0.235838758
-0.117645012
-0.367551896
-0.389959777
-0.277502703
0.364039319
-0.161246122
0.436649698
0.591514152
-0.29832182
-0.47417508
0.140585703
-0.62580992
0.055876755
-0.267279819
-0.377759238
0.723583069
-0.722592856
-0.495744855
-0.743951304
-0.236111845
-0.722228491
0.753818974
-1.403505714
-0.177423968
-0.800749873
-0.711777229
0.28385291
-0.782722231
0.357082967
-0.126944829
-0.215459884
-0.205837941
0.187679713
0.094890324
-0.033580009
-0.293084464
0.03060619
0.043134993
-0.326975065
-0.32653739
-0.6237831
0.630379411
0.007730296
-0.220576022
-0.321705146
0.065164115
0.006757432
-0.211935827
0.113164957
0.577912072
-0.050723064
-0.342270383
-0.538054406
0.235674936
-0.629004448
-0.076647449
0.19521665
0.086844355
0.376845055
-0.359827366
0.026425572
-0.391371337
0.116859691
-0.811710815
0.527166972
0.3999573
-0.494188485
-0.362683945
-0.148483259
0.108568967
0.333705853
-0.255695821
-0.444625743
-0.408108258
0.218998996
-0.334880601
-0.493822021
0.381392153
0.078533074
-0.435277187
-0.044321855
0.373970022
0.100482951
-0.385887709
0.085841596
0.383482976
-0.207397023
0.112067712
-0.235671341
-0.033433385
-0.114238356
-0.156113378
-0.319026369
-0.020464313
-0.087344917
0.024686903
-0.053389094
0.256479349
-0.05027748
-0.270937846
-0.009192111
0.22522664
-0.105444555
-0.06538209
0.58986613
0.672599542
0.474845217
-0.011003034
0.588365177
0.676875946
0.172314487
0.229440416
-0.206847002
-0.289631684
0.246301628
0.691911079
-0.149786919
-0.290763351
-0.135480466
0.385543345
-0.045175946
-0.031537583
0.073401138
-0.09563249
-0.020620893
0.276953012
-0.227628654
-0.093322281
0.238603985
0.449977424
-0.548478354
-0.133535301
0.289351184
0.101433765
0.490545248
0.20018661
-0.509693313
0.628385096
0.155693157
0.265468661
0.212012126
-0.202010872
0.079327805
-0.016735849
0.102205554
-0.129461493
-0.129793252
-0.040398932
0.603637765
0.242974958
-0.810260433
-0.269347139
0.511358557
-0.218683804
-0.079306744
0.173725278
0.027321171
0.030690239
0.084223942
0.087318964
-0.453960119
-0.202904729
-0.625268362
0.388909079
0.752070121
0.400602333
0.688694448
0.08954426
-0.192559086
0.118552316
0.166010119
-0.022558893
0.001614749
0.518899442
0.186812813
-0.184365455
-0.371136878
0.228073912
-0.057993451
0.424818782
-0.476036092
-0.266400572
-0.551343946
0.039462042
-0.110270771
0.185352965
0.278310183
-0.252935277
0.102222915
0.330229816
-0.22930931
0.23049226
0.28913063
0.469156017
-0.186268111
0.523001114
0.41046352
1.017997429
-0.317395594
-0.712790226
-0.127002912
0.400741845
-0.112768606
-0.06491455
0.289668379
-0.180077428
0.331315056
0.007845916
-0.674114422
-0.016815875
-0.744961115
-0.100014887
0.885338789
0.075664488
0.123013131
-0.221982755
0.080976521
0.220496495
-0.015605254
0.014711905
-0.203412698
0.140837723
0.038113658
-0.419672067
-0.186454612
0.154147605
-0.613820769
0.87543174
0.180815399
0.351755923
-0.253754459
-0.336554929
-0.408552471
-0.327825888
-0.386799531
0.587928844
-0.101647542
-0.141497173
-0.422255087
-0.03150359
-0.485088053
0.07216977
-0.176175469
0.192195675
-0.07573401
-0.312513866
-0.018177517
-0.608601234
-0.335698004
0.174818304
-0.222992128
0.001979124
0.025749095
0.295450364
-0.016137445
-0.328673658
-0.148730243
-0.510578094
-0.116687872
0.041150718
0.098963202
0.176385826
0.112848077
0.027932082
-0.121322224
0.255212559
-0.662279881
-0.951613635
-0.18427
0.274842341
0.238063303
0.425123049
0.523655356
0.024349038
-0.343845301
-0.188674014
-0.476126352
0.188772612
0.58724588
0.44059858
0.816095325
0.917126227
0.063072092
0.366808668
0.361287637
0.072514777
-0.751702983
-0.269251429
0.319818207
0.478594483
0.445015951
0.216301755
0.006829105
0.224496386
-0.222172121
0.10829849
0.19360349
-0.505119586
-0.133651506
-0.060997169
-0.191472479
-0.358293802
0.113854062
-0.177222169
-0.173404596
-0.354267232
-0.006725923
0.127365175
-0.160505273
-0.334769339
-0.222108871
0.135188491
-0.296191841
-0.014938986
-0.072512084
-0.276546721
0.174723107
0.060236204
0.117522235
-0.021431152
-0.01816876
0.096659479
-0.203834671
-0.126426226
-0.089244439
-0.190831634
-0.268946155
0.234704415
-0.250296758
0.100253171
-0.40644804
-0.353824608
-0.401204373
0.42280427
-0.544533948
0.228002902
0.056285275
-0.099165956
-0.103311208
-0.138634165
0.002741686
-0.185697701
-0.095509627
-0.110917441
-0.12888925
-0.108230057
-0.038533086
0.27219926
-0.006124624
0.432402385
-0.151343101
0.144347789
0.09266209
-0.030026409
0.043663459
-0.396286014
0.277973828
0.337192921
0.185670052
0.267687915
-0.003236509
-0.227368131
0.421047092
0.564577844
-0.101782187
0.411438113
-0.005427098
0.614416682
-0.025457822
0.694909148
-0.774684764
0.088972138
0.057601855
0.29063701
0.443590476
-0.23919606
-0.400675924
0.141524793
0.346418322
-0.234931801
0.529718746
0.236681365
-0.058345809
0.47969441
0.10712872
0.139432004
0.062402823
-0.187319635
0.070347283
0.013362552
-0.304526375
-0.040854809
-0.334356186
-0.068736625
-0.26811685
-0.033581404
0.071034246
0.205988331
0.048299024
0.068374387
-0.203879437
-0.455960854
-0.301426331
0.144635661
0.395844286
0.652179151
0.332913993
0.426303778
0.905941969
-0.537109352
0.265877467
0.525926263
-0.235354711
0.775585039
0.731071192
0.062457709
0.301831859
-0.133032121
0.367067998
-0.057652583
0.710576206
-0.267273885
0.023830391
-0.200651822
0.334886607
0.03981966
-0.120618126
-0.174246175
0.704924151
0.483257784
0.736921423
0.433911605
-1.333521557
-0.588286566
-0.473319607
0.271190148
-0.332691714
0.165971272
-0.351941392
0.320278692
0.059010028
0.17493964
0.118213862
-0.146525491
-0.33284111
0.211905256
-0.536841597
-0.324820937
0.439800139
-0.295489025
0.42810229
-0.078431628
0.324515457
0.165215207
0.256014691
-0.348471283
-0.171704188
-0.298541436
0.05902482
-0.15499194
-0.033951684
0.269947381
-0.021133607
-0.013055823
-0.198792323
-0.098419394
0.275198687
0.115100808
-0.121340627
-0.052561116
-0.001041409
0.279026453
-0.5263311
0.342798115
-0.457179666
-0.553714862
0.258984919
0.315733872
-0.194615508
-0.652636338
-0.020722305
0.639602742
0.065178942
0.236664599
0.327129523
-0.742244882
0.329478144
0.147129997
0.039057963
0.304128685
-0.080193397
0.050892815
0.066631287
-0.023883169
0.210582994
-0.157810793
-0.107499281
-0.113029007
-0.6623067
0.491866399
0.845447174
-0.842901728
1.743704864
-1.142130938
-0.329415282
-0.681568364
-0.219165865
-0.499794536
-0.071086087
-0.247680215
-0.162943424
0.011993238
0.121484282
0.209070274
-0.341089803
-0.102415581
-0.513712607
0.147026528
0.040640261
0.140347906
0.084280249
-0.210546293
0.681538341
-0.008036551
-0.037029254
-0.08817522
-0.055229819
0.172832455
0.252361329
-0.19661317
0.100604166
-0.252608042
-0.125646186
-0.111534596
-0.305693367
0.35038259
0.02757002
0.231170777
0.033883844
0.351965071
-0.031008323
-0.16090776
-0.173942757
0.289907323
-0.039585352
-0.067524083
0.170189827
0.214230741
-0.401036988
0.434003253
-0.560127177
1.179670234
0.760576074
0.421788236
-0.561131086
0.773254582
-0.090509258
0.048398347
-0.049983343
-0.294975905
-0.110691967
-0.118114457
-0.237623805
0.225067059
0.098811402
-0.179161992
0.129812389
0.412234191
-0.170692063
0.477225386
0.363322144
0.601773964
0.286364571
0.300282107
0.159019013
-0.009923802
0.106500891
0.072691428
-0.047217676
-0.225933728
-0.222773353
0.132097572
-0.283650985
-0.360377659
-0.016562304
0.093487515
-0.330836789
0.037097994
-0.186727922
-0.275359406
-0.358773751
0.057152973
0.500715744
-0.120739907
0.406117252
0.222078444
-0.191297752
0.027747951
0.075862485
-0.269669901
0.057146246
0.181966406
0.188937804
-0.015194968
-0.027813752
0.079801121
0.291623157
0.156903576
0.349886062
0.088997242
0.382696401
-0.113571443
0.14547629
-0.034923817
0.171943597
-0.431851712
0.185960194
0.132333723
-0.448802352
-0.051820839
-0.723535233
0.863456205
-0.174935131
0.332839636
0.255497212
-0.452826987
-0.148124711
-0.055277682
0.653897848
-0.041248284
-0.563058821
0.027505446
0.271235874
-0.176555322
-0.173488328
-0.25716419
0.055771939
0.367464535
0.061305481
-0.778329005
-0.029006685
-0.312466117
-0.340365817
0.336898028
0.153911255
-0.143705613
-0.251929158
0.35578262
-0.143106402
0.575728999
0.340735174
-0.641970707
-0.602280187
-0.241753719
0.045563143
-0.163894394
-0.206116103
-0.137981947
0.140446378
-0.304895977
0.29112101
-0.195126217
0.148420007
0.30714395
0.225418971
-0.052581566
0.139379546
0.418815661
-0.718750563
-0.533038429
-0.584872957
-0.056307311
-0.273948646
0.095170712
-0.026658191
0.205176561
-0.065579766
-0.211849697
0.273457577
0.30271747
-0.042277369
-0.123357986
0.030246176
0.262508327
0.081489761
-0.233577408
0.136002172
0.075384929
0.064357985
0.233116311
0.16026924
0.515940272
-0.128295479
-0.110572018
-0.039635915
0.092019695
0.171355941
-0.126734663
-0.077174654
0.258363677
-0.039126172
-0.031572611
0.287808401
0.007978267
-0.118436543
0.010365232
-0.110296086
0.223268373
-0.194879968
0.288053382
0.283269308
-0.628873382
0.070252863
-1.014929041
0.471181351
0.814931144
-1.0264067
-1.090055647
1.445202844
-0.000710084
-0.803982532
-0.256402392
-1.825477286
-1.944623349
-0.083511464
0.079193329
0.176542666
0.090240376
0.398679107
-0.376833684
0.258611278
-0.107748837
-0.189219917
-0.214243472
-0.259073269
-0.020639251
-0.125380153
0.374372821
0.355082467
-0.798872729
-0.509197169
0.160392486
0.234190837
-0.268876122
-0.004294892
-0.61459475
0.143829658
0.589006507
0.027780478
-1.038106211
0.263209483
0.626931394
-0.105475982
-0.291949439
0.380116377
-0.727413987
-0.016641297
1.213485702
0.066907999
0.066383191
-0.223063981
0.073033546
0.119167799
-0.161219555
-0.496457273
-0.771287217
-0.666852069
0.761486535
0.915498699
0.6882196
0.916928424
0.122770688
-0.193707824
-0.248858506
0.298730198
-0.35714374
-0.121902856
-0.203587215
-0.173026409
-0.052542988
-0.174006831
-0.049273368
0.21107979
0.293884907
-0.730203215
-0.24309233
-0.80989854
-0.038795482
-1.061005365
0.334971895
-0.896697966
0.290495599
-0.323686514
-0.14694449
-0.186605049
0.23674904
0.058031847
-0.52312163
-0.322061712
-0.521771091
0.391479335
0.277820543
-0.136494584
0.5152324
-0.111322568
-0.000829634
-0.039615234
-0.485101295
0.697327623
0.132464404
-0.292875491
0.243336654
-0.2075521
-0.034247175
-0.088219293
-0.171778138
0.506201653
-0.082537832
-0.365832094
0.179467571
-0.192251695
-0.062215642
0.281050433
-0.206629568
-0.305054514
-0.042434424
0.506164677
0.356282319
0.478276063
-0.020636266
-0.75304002
0.428359592
0.732591114
0.158105398
0.288087137
0.320548915
-0.027211195
0.088013205
-0.353425151
-0.032366325
0.171758013
0.186043447
0.349226342
-0.324022255
0.117441152
0.332862728
0.25719232
-0.212550306
-0.410603347
-0.111541955
-0.469223942
0.108794487
0.36967489
0.159061343
0.005001795
-0.18690082
0.272269364
0.595235227
0.797567718
-0.74159139
-0.894123419
0.424816719
0.473536672
0.581969899
-0.156056941
0.204414893
-0.108469762
0.13969205
-0.413346098
-0.112985608
0.139683526
-0.016140357
-0.330422149
0.215093557
0.279000293
-0.047088415
-0.095891699
-0.237958412
-0.697923985
-0.003996424
-0.440485763
-0.440196116
0.09990115
-0.133235745
-0.066995242
-0.141726429
0.210526954
-0.432388149
-0.250160005
-0.27765659
-0.32558238
-0.086770286
0.05342656
0.240996348
-0.150140346
0.180049967
0.51322577
-0.108845528
-0.02082907
-0.260799601
0.082595116
-0.582038118
0.311263616
0.133318356
-0.131245733
0.414611767
0.475891162
-0.172126887
0.076504602
0.067216298
0.013947502
0.153897902
0.041500741
0.154527131
0.282857628
-0.127861462
0.059001123
0.260519635
0.319649178
0.169958054
-0.262711884
-0.277466287
0.239338671
-0.206318185
0.225413011
-0.256731131
0.02829522
-0.119206411
-0.259357405
-0.34306014
0.374635168
-0.243664794
0.048252201
0.276814613
-0.248573379
-0.188073455
-0.211612944
0.248867
-0.578339435
0.189708398
-0.632598388
0.304695097
-0.176800421
-0.247002701
-0.186950653
-0.082915454
0.040450833
-0.070784736
0.109948441
0.44738063
0.215780479
0.431601969
-0.302147746
-0.210611209
-0.644074317
-0.631291525
0.720332184
0.287992833
-0.466108163
0.080855487
0.531505886
0.057195745
-0.231436101
-0.023126854
0.607916846
-0.294780929
0.81296863
0.036498081
-0.652144716
-0.224538722
-0.714181021
0.062605346
-0.206941373
-0.309278717
0.438442712
0.365709162
0.191054424
0.041377723
-0.136843983
0.061337282
-0.30219427
0.278992216
0.761278779
0.284167988
0.715340559
0.489065327
-0.164387991
-0.842509673
-0.310242256
0.704205228
-0.038964294
1.086239999
-0.379828673
-1.172084626
-0.251947394
-0.368543063
0.214530769
-0.106022715
0.022666536
-0.267631234
-0.15751907
0.001208357
-0.337470779
0.277919428
-0.827534133
-0.250498355
-0.346434598
0.429466437
0.437084709
0.423069005
0.015538914
-0.208719771
-0.148262104
-0.148607391
0.131583536
0.252017907
0.287086202
-0.232493023
0.12570405
-0.422730549
-0.622380668
0.154351108
0.282849673
-0.420218272
0.179053915
-0.417432057
-0.016463873
0.02913871
0.069524282
0.249193211
-0.065825042
0.262366192
-0.038223814
0.363834231
0.015043558
-0.161922733
-0.170707928
-0.370994809
-0.111582667
0.510098006
0.209673712
0.189986436
0.208090074
0.026321898
0.135457766
-0.351687413
0.01659981
0.166970951
0.243557166
0.323184781
0.105907237
-0.225467402
-0.05122947
0.25274087
0.100139139
-0.763895958
0.339677778
2.86332E-05
-0.283941853
0.278295075
-0.084247161
-0.024092116
0.177763737
-0.18613544
0.162176843
-0.142528675
0.046554105
-0.195366059
0.381837438
0.463696713
-0.30875769
-0.197388971
0.097099894
-0.199323777
-0.406465327
0.203599254
0.049017876
-0.059828683
-0.100762896
-0.028469917
-0.235388739
0.036242166
0.336228182
-0.00547877
0.070233688
-0.022680007
-0.134174207
0.305606661
0.130289144
0.013388534
-0.091907707
0.00555026
-0.181505415
0.101111495
-0.325217621
0.063217312
0.004918578
0.290934399
-0.21235698
0.081129428
0.212782626
0.122720461
-0.240041935
-0.008697309
0.115111715
0.214175908
-0.232941098
0.230985821
0.14123247
-0.052009273
-0.511505017
0.270751534
0.001982757
-0.381138205
0.551436105
-0.235823027
0.236327504
-0.187794065
-0.741053067
-1.025953835
1.530190086
-0.887958966
-0.871912507
-0.385538932
0.314593862
0.40986074
-0.406825958
-0.407306765
0.533911798
0.202037649
0.466523449
0.159361221
0.691621381
-0.219782074
-0.080157633
-0.002137362
-0.009164111
0.024538545
-0.221971238
0.369340206
0.318538256
-0.106383331
0.100528491
-0.239617432
0.0628371
0.095551683
-0.353094399
-0.133098597
0.073531657
0.29474454
-0.183396835
0.327850071
0.189186742
-0.185214483
-0.094448102
-0.100448188
-0.589570015
-0.220595612
0.573438788
-0.533317081
-1.055085296
0.259562384
0.266880294
0.18022919
-0.029200314
-0.014866525
0.05489736
-0.251193092
0.488778139
-0.725196881
-0.788320147
-0.137451218
0.106747221
0.155843884
-0.069952991
0.601360597
0.044724233
-0.334340085
-0.094545927
0.000682608
-0.082179489
0.131536783
-0.314288201
0.682340103
0.419924698
-1.259311452
-1.167426776
0.188758869
-0.274589778
-0.033173589
0.607821546
0.147127635
-1.176586768
-0.6913493
-0.241523414
0.283608313
-0.280630059
-0.439422726
-0.172053754
-0.085080262
0.114731988
0.363903519
0.297660039
0.30925869
0.13033806
0.298493655
-0.423055111
-0.141874917
0.29422279
-0.014378315
0.296526736
-0.240817318
-0.17271021
-0.010462783
-0.347142738
-0.022854721
0.170838478
0.048765699
0.26778768
-0.239011582
0.471474485
-0.500517838
0.352762726
0.054372868
0.151952126
0.470331688
-0.642790281
-0.145294757
-0.709788933
-0.876948614
-0.585309725
-0.384427145
0.249320194
0.323473892
0.188789164
-0.134624729
0.190602895
-0.09649571
-0.281607879
0.123473887
0.025684553
0.199188965
-0.177998227
0.019566515
0.360747241
0.21038115
0.483722228
0.487367832
-0.397125367
-0.486848534
0.497537482
0.188128709
-0.849770065
0.309432186
-0.99654175
0.133975996
-0.058244975
-0.145273553
-0.125967907
0.045640701
-0.379649754
0.293251343
0.369523486
-0.037372157
0.386492856
-0.089363633
0.310049945
-0.258881475
0.353698755
0.299663338
-0.377445861
-0.629952352
-0.176648567
0.332225562
-0.162606611
0.079937905
0.508838201
0.319633107
0.738818699
0.045078381
-0.170824484
0.301876513
0.074534506
0.194390279
0.193391788
-0.580431448
-0.228860601
1.030629537
0.162455006
0.543143241
-0.330495356
-0.016052893
0.334738684
0.211877738
-0.499271655
-0.10506389
-0.271080473
-0.157808112
0.503000078
-0.251020161
-0.090233239
-0.632094649
-0.274725629
0.470764556
-0.142617387
0.705773828
0.546166202
-0.467762648
0.762146087
-0.046766131
0.489473273
-0.187573251
-0.090185158
0.032977924
-0.274558
0.086161748
0.309732392
-0.070471247
0.490748196
0.087949629
0.755240967
0.373423432
0.216768091
0.355586609
0.289033785
-0.266403753
0.025479485
-0.275022738
0.255062246
0.153836185
-0.024224679
-0.19501533
-0.074504802
0.075939232
-0.195241053
-0.010258739
0.148182547
0.183527352
-0.249789922
0.543882226
-0.151890877
0.244852383
0.024443715
-0.325101017
-0.059601397
-0.567848257
-0.790690837
0.110003207
-0.081354674
0.259751658
-0.10576971
-0.422654946
-0.066553001
-0.466541079
-0.1529638
0.044550974
-0.080421922
0.136684436
-0.499845159
0.037645393
-0.609510356
-0.5547932
-0.1008452
0.583492811
-0.574366562
0.371770053
0.311806701
0.734389097
0.110246948
0.165981327
-0.249067108
-0.323658724
-0.44732612
-0.619161329
-0.320620076
-0.488251903
0.037883658
-0.356910825
-0.065099411
0.296379425
0.262684676
-0.036211397
0.068306496
0.060543453
0.011005387
-0.026653835
-0.233971927
-0.193631567
0.261941789
-0.140147092
-0.050343678
-0.622859935
0.064327933
-1.373865661
0.058201702
-0.619359341
-0.115243036
0.241305442
-0.169282897
0.359371674
-0.091415495
0.074248066
-0.158857515
0.098014709
0.313004652
0.43497163
0.44860957
0.376902499
0.811157258
0.395556263
0.042194474
0.056930323
-0.340813952
-0.530124255
-0.104408101
-0.165083338
-0.154083266
-0.198492114
-0.214718437
-0.095355581
0.323571112
-0.444236936
-0.143384651
0.1901859
-0.111552382
0.318089505
-0.062347265
0.667258165
-0.037639894
0.077557213
-0.004828234
-0.010101204
0.261434768
0.099691177
0.071718914
-0.184255881
0.203961482
-0.328785154
-0.092469774
0.025021386
0.121413324
0.011887563
-0.167005836
0.196409462
0.036791775
-0.064294335
-0.005860763
-0.198069241
0.219349804
-0.377429772
-0.025541214
0.007890666
-0.349315459
-0.378565869
0.403961323
-0.389401827
-0.838034627
0.738520582
-0.91207944
0.43247275
0.974194449
-0.161383894
0.720366509
0.113723299
-0.056812976
0.333544138
-0.006834855
-0.195689697
-0.084303212
-0.169687613
0.051268333
-0.507078001
-0.243505613
-0.300617617
-0.086914201
-0.261149016
-0.406023851
-0.084442298
0.452232554
-0.379874726
0.63960806
-0.269699823
0.026309121
-0.628294262
-0.096108736
0.223064666
0.00383119
-0.228018554
-0.265673792
0.022852516
0.14333063
0.115643656
0.324708473
-0.104536353
0.217911675
0.266442682
0.038094034
-0.027898362
0.139713559
0.166391486
0.034353225
0.103250917
-0.288177894
0.374885868
0.585350487
0.091550403
-0.648666247
-0.529654135
-1.120899582
-0.379951235
0.452734054
0.239382876
0.190210758
-0.043559655
0.265049632
0.1889612
0.192437936
0.139019239
0.076490503
0.248415898
-0.055377836
0.047917297
0.45944671
0.028598411
-0.537722839
0.142477419
-0.183753209
-0.07559169
-0.386540307
-0.320284049
-0.163730656
-0.24921807
-0.219544418
-0.201784339
0.393040806
-0.387453037
0.174685735
-0.229295127
-0.185903879
-0.097380778
0.009211044
-0.195131689
-0.228905729
0.298482509
0.131767505
0.042360643
0.279931766
0.094836133
-0.171594422
-0.099358685
0.417230286
-0.127213583
-0.590362376
-0.380626645
-0.089169197
0.411125449
0.200957716
-0.967377376
0.018042185
-0.376909995
0.288449132
-0.589699612
-0.358075694
0.414113781
0.396477167
0.043444326
-0.188997797
0.179450347
-0.022548939
-0.490290958
0.292209298
-0.701977005
0.15764148
-0.292099326
0.245380169
0.604211308
0.501067401
-0.56102594
0.194449108
0.145155562
0.897133144
-0.878911079
0.14378777
-0.092313987
0.165608231
-0.262179629
0.143957708
-0.576908456
0.145857255
-0.888863652
-0.080626777
0.31310846
0.379506612
0.615082717
-0.441960712
0.1803988
-0.445901074
-0.406666693
0.571570722
-0.085620657
0.475129864
-0.395461356
0.625661325
-0.947135417
-0.618938777
-0.267500427
-0.312282032
0.698522183
0.561736595
0.228434452
-0.27039632
-0.208213042
0.50021134
-0.193671406
0.000536183
-0.241666204
-0.072691323
-0.057130333
-0.24470052
-0.404800047
0.250692122
0.452028723
0.441237244
-0.190141776
-0.597391805
0.17967266
-0.334438025
-0.331701379
-0.259814759
0.591584964
-0.13619782
0.631237307
-0.139373885
-1.23697352
0.153323978
-1.282995965
-0.178630242
-0.369615657
0.413763811
0.182231684
-0.502603804
0.122559327
0.599280122
-0.412362283
-0.265861393
-0.277634614
-0.242145703
-0.592982847
0.372823136
-0.624195489
0.017694498
-0.574135796
-0.127219221
-0.739055862
-0.224980815
-0.938550652
0.299252176
-1.136190509
-0.440536463
-1.421053001
0.46487943
-0.740636739
0.052432789
-0.0722614
0.169948941
-0.071191482
0.22800224
-0.193765017
0.453630488
-0.159225161
-0.146287042
-0.475785577
-0.199186529
-0.064196063
0.090656271
0.026195493
0.588951997
0.528950311
-0.192689686
0.234874318
-0.168719561
-0.164594204
0.140539797
-0.525302953
-0.192227139
-0.068691773
0.479222684
-0.079772384
-0.102361759
-0.093970732
0.284490889
0.157710446
-0.451696996
-0.598775384
0.842949754
0.302925586
1.089938715
-0.934919739
0.427774884
0.083916887
-0.235893534
-0.407776173
-0.136917797
0.038830169
-0.468935155
-0.183486663
0.115428443
-0.143567585
0.364639143
-0.293495686
0.152501325
0.000293128
-0.163412184
0.359107968
-0.329279795
-0.563897153
-0.510995602
0.079702762
-0.513294189
0.696124795
0.586525405
0.686189594
0.595405535
-0.403417063
0.403148246
-0.117417567
0.555186642
-0.354091937
0.02322949
0.606397811
0.215514782
-0.549704023
0.279213742
-0.444776907
-0.332915048
-0.481874484
-0.209541002
0.341963075
-0.682232584
0.5215168
0.249000713
0.133347126
0.282147468
0.392681779
-0.510904868
0.338449374
-0.272598678
0.578872103
-0.096476404
0.921976785
-0.631459931
-1.379415985
0.443900582
-0.600067209
0.994268697
-0.151453971
0.080832083
-0.154830936
0.197590255
0.007368104
0.054624146
0.060461995
0.061789077
0.34976656
0.213102062
-0.064909688
0.028633561
0.049372481
0.05822989
-0.065561483
-0.140881441
-0.00077066
0.24725126
0.284941244
0.188706477
0.140389331
-0.394432936
-0.237543013
-0.192891382
0.158165039
-0.261224528
0.15432343
0.002461203
0.049013821
0.156603003
-0.162934888
-0.377329861
0.261765071
-0.109688982
0.117211762
0.001101555
0.535845213
0.525219677
-0.37444351
0.02935297
-0.814684216
0.455252974
-0.04829285
0.209554128
0.396685127
0.062086675
0.078402765
-0.22464778
-0.006902167
0.172447137
-0.038897665
0.092682119
0.284271319
-0.299683407
-0.181582749
-0.00944462
0.04085495
-0.197189266
-0.034757113
-0.128066446
-0.241256526
-0.026564542
0.163636665
0.190469365
0.00907571
-0.483124364
0.134610403
0.16774086
-0.131283296
-0.158451736
-0.114174132
-0.287827271
0.109874229
0.18733388
-0.191569006
-0.616316835
-0.022402399
-0.287843341
0.266370958
0.331187377
0.289179314
-0.350125678
0.331769212
0.070350618
-0.384492353
-0.127167774
-0.77083455
-0.048494918
-0.10792705
0.001729125
-0.217572651
0.238268424
0.154229894
-0.032427867
-0.069383187
0.322235929
0.473434574
-0.010399677
-0.431569088
0.513946015
-0.707362063
-0.111785418
-0.102203184
-0.004268553
-0.336225839
0.040630201
-0.290604174
0.360241395
0.536231023
0.193084206
-0.228793081
0.274743891
-0.348434454
-0.075057164
0.071752103
-0.529116469
0.040698201
0.282847274
-0.121743508
-0.420183319
0.264970443
-0.040589999
-0.284347659
0.222472464
-0.282167271
0.211631723
-1.214625947
0.096134831
-0.270918554
0.033945426
0.237396443
-0.05996049
-0.233906932
-0.435442993
0.143581646
0.370219547
0.204292966
-0.248014589
0.154111052
-0.284213589
0.213964176
-0.127979997
-0.401259728
0.259707684
0.200057031
-0.359070926
-0.25667552
0.080774367
0.127782678
-0.254611559
-0.042094407
0.257878921
-0.111129661
0.438177031
-0.131025039
-0.166202585
0.119104289
0.050684285
0.31255643
-0.08483828
0.495887528
0.198327883
-0.036015574
0.069915532
0.261397142
-0.096025555
-0.187043726
0.236856498
-0.018654075
0.043440153
0.420188255
0.158443652
0.026804637
-0.056775033
0.660298757
0.408001632
0.485099961
0.978887115
-0.549195381
0.846922664
-0.465515301
-0.306368738
-0.825902478
-0.227847334
-0.976766206
0.054546514
-1.645014494
0.805708181
-0.414480319
-0.623317848
0.537502694
-0.296236917
-0.303403654
-0.294652778
0.241316934
-0.131424503
-0.34813381
-0.068590931
-0.090820121
0.125108966
0.31794539
0.267754649
-0.018840309
-0.159858186
0.291834651
-0.033559696
0.326580655
-0.078047915
-0.107461527
-0.083123747
-0.383178551
0.057806807
0.215799365
-0.005307918
0.403264173
-0.392665061
-0.037968204
0.157951571
-0.027928683
-0.238621307
0.028836638
-0.02087087
0.013288283
-0.259666665
0.019025148
-0.276709475
-0.315277832
-0.016676179
0.598902062
-0.176304646
-0.463808831
-0.381647968
0.44721278
0.714767169
-0.654336582
-0.452807726
0.061019945
-0.393122416
-0.208594894
0.014060702
0.362678589
-0.016184444
-0.005528685
0.466881579
-0.021364499
0.118412706
-0.012604033
-0.19916321
-0.159261624
-0.233660293
-0.136124804
-0.11733492
0.581054298
-0.474026631
0.986525395
-0.361668554
-0.002305537
-0.128085517
-0.240449827
0.096172805
-0.443003341
0.633184258
0.156980629
-0.706115407
0.088105424
0.608236717
-0.175121929
-0.111917572
-0.382596992
0.063656436
0.08483835
-0.035707556
0.030648444
-0.087713554
-0.132462151
-0.033753348
0.095388227
-0.199383014
-0.516976323
0.824829333
0.13839193
-0.296092869
-0.204051854
0.169394557
-0.119245373
0.113921208
0.111411864
0.187870669
-0.076231735
0.261915093
0.330539645
0.217302118
0.136164389
0.564308151
-0.010242479
-0.151358667
0.160771976
-0.199348025
-0.057755592
-0.229435923
-0.069554159
-0.152905711
0.176649426
-0.053520206
0.277980208
0.152098291
-0.072024655
0.026686356
0.110083541
0.321530065
-0.090401649
-0.656862036
-0.277206525
-1.080806025
-0.16950709
2.573251854
-0.31787468
-1.570096637
0.687098637
0.374120624
1.067549819
0.463515953
-0.037803207
0.153039036
0.014720576
0.100131495
-0.090043106
-0.089677094
-0.056911048
-0.093408852
0.412625378
0.073147489
0.51318741
-0.518998195
-1.052408518
0.0301829
0.500454671
-0.344628096
0.913269943
-0.938066239
0.012735613
-0.185897726
-0.073170957
0.584874534
0.315825095
-0.348380171
-0.018129544
0.141086205
0.062513497
-0.131033787
-0.314398919
-0.393318862
-0.342951543
0.195717592
0.145484643
-0.29011327
0.210365561
0.337678673
0.14262633
-0.148736219
-0.129357941
0.310140247
-0.183676164
0.409629305
0.173643311
-0.345524453
0.575478124
0.186617051
0.444810842
-0.066364231
0.169608523
-0.054276003
0.549908404
-0.458177529
-0.025104275
0.524229598
-0.062112711
-0.50181887
0.641499832
0.55759201
-0.286523943
-0.464150991
-0.533216502
0.420595353
-0.057059649
-0.673938947
0.341622813
0.303683084
0.443164847
-1.192756672
-1.753630158
1.267658527
-2.106459413
-0.031527043
-0.659964703
0.395091065
0.705457149
0.691334472
-0.918243417
0.728771651
0.368800428
-0.513543753
-0.622598677
0.249990788
0.160677629
0.036270904
-0.030109824
0.191736352
0.055201604
0.006377215
-0.008183899
0.107681534
-0.924984051
0.294294587
-1.109183811
-0.804687134
0.684433788
-1.217671648
1.132250527
0.952260183
-0.485520756
0.156523417
0.274880697
-0.372154298
-0.003179607
-0.126813073
0.441199299
0.364185137
-0.015360227
0.298280316
0.167718522
0.690837732
-0.18802254
-0.267927429
-0.581391762
0.605438578
0.826002185
0.907343885
-1.14217494
1.142951887
0.455437344
-0.215315612
0.011944889
-0.036730173
0.115865444
-0.164029907
0.113511595
0.081489903
-0.077075941
-0.262318426
-0.196393002
-0.046975823
-0.458906324
-0.232532621
0.038997376
0.73691619
0.06091691
0.264561157
-0.093873313
-0.083950183
-0.112095235
0.111389549
-0.22708179
0.025901037
-0.255169124
-0.151830851
0.622917844
-0.115396883
0.055808856
0.078328576
-0.132267186
0.060519328
0.137171981
-0.076509166
-0.243756985
-0.12828042
-0.142464622
-0.082760676
0.003427603
0.278694911
-0.01768836
0.01108291
0.09251914
0.354410525
-0.651824545
-0.591148295
0.657941124
0.840095523
0.148741954
0.099507806
-0.181885025
0.20890388
-0.146562133
-0.30268575
-0.130216134
-0.276075294
-0.143594785
0.214881514
0.152564969
0.138879926
0.248363194
-0.193483156
-0.058415716
-0.129650981
0.011518363
0.260799155
0.199418393
0.076957137
0.01378439
0.126457285
-0.182481154
-0.270011475
-0.166192351
-0.044958474
-0.060618767
0.415024356
0.301014594
-0.283809833
0.101561064
0.11973229
0.060367978
0.59159548
0.301821701
-0.078920385
0.31277096
0.178505459
-0.21075336
0.021933685
0.355594495
0.173869912
0.137915333
0.191422933
-0.13734731
-0.115590827
0.181746073
-0.22837975
-0.104453649
-0.055627102
-0.220265013
-0.180524274
0.176616894
-0.424985656
0.08364484
0.293949834
-0.057068873
-0.313813771
-0.304383009
-0.075739529
0.254981762
0.219057611
0.592532431
-0.494656972
-0.486117185
-0.266867756
-0.248326305
-0.009807083
-0.328760777
-0.40721724
0.081851664
-0.516844612
0.109633123
-0.047778553
0.033909396
0.246508896
-0.091378534
0.160543846
0.096800834
-0.233985948
0.303576797
0.672043234
-0.838010177
0.471672825
-0.043770961
-0.535450619
-0.18133999
-0.306540895
0.101576518
0.37857783
-0.013207453
-0.093565533
0.055094738
0.452879016
-0.008184472
-0.214595609
-0.025266932
-0.32368001
-0.017552154
-0.378982277
0.331525957
0.355277008
-0.142754758
0.407342923
0.333851259
0.531695255
-0.107682646
-0.455184778
0.54493526
-0.417446945
-1.07743534
-0.06187712
-0.865721683
0.579209303
0.836618253
0.743356676
-0.513460992
-0.735867006
0.536963284
0.467774942
-0.295002449
0.348719936
0.200793007
0.365091737
0.259230209
0.058767399
-0.124485402
0.13528367
-0.315704613
-0.010553026
-0.313279612
-0.513402142
0.116884304
0.370943317
-0.120460399
0.180695845
0.108241451
-0.17062316
0.031821299
0.380914545
-0.546726421
0.253968332
-0.293214956
0.365855599
-0.267705132
-0.09755012
0.23351746
0.06150923
-0.005835541
-0.003860881
0.142360808
0.325605952
-0.213866848
-0.428274536
-0.34744345
0.552676148
-0.224796115
0.522890901
0.098043228
-0.196968323
0.221694474
0.236624473
-0.058426843
0.069335626
0.631947776
0.39906647
1.200946973
0.362436419
1.323836814
-0.289156159
0.347027642
-0.403670571
-0.060968153
-0.281331486
-0.149024402
-0.438601253
-0.014988534
0.46361074
-0.02946564
0.290927809
-0.190580625
-0.135707697
-0.092213417
0.133578929
0.062687571
-0.203051217
0.153567305
-0.133942318
-0.12174004
-0.172722201
-0.453356654
0.04896408
-0.219552372
0.153296139
0.089866363
-0.351471502
0.087271489
0.011700978
-0.035111378
-0.111303946
0.116916959
0.20709557
-0.273891803
-0.149265341
-0.329973214
-0.230079544
-0.343024841
0.295693311
-0.146257268
0.043010551
0.092583205
-0.261548017
-0.010465658
0.121044383
0.025350059
-0.240854415
0.054496993
-0.397559025
0.061254215
0.278542283
0.067695144
-0.377808591
0.165478155
-0.005830616
0.318650809
-0.144968603
0.14937397
-0.031042246
-0.065341345
0.014644037
-0.297402435
-0.232444091
0.302690427
0.036908718
-0.153089189
0.458588027
-0.044902864
0.173422626
-0.089598655
0.141431
-0.142425847
-0.17297098
-0.029696961
-0.108833607
-0.330518976
0.417131796
-0.268241133
0.000247542
0.097328551
-0.0336137
0.118175739
0.211620228
0.217594933
-0.135752488
0.339813627
0.223777595
-0.008224254
0.185365616
-0.187945166
-0.061630004
0.247949298
-0.507534702
-0.502750609
0.065911806
0.090870015
0.087383509
0.183563699
0.023212046
-0.013303411
-0.107196543
-0.080162428
-0.124116334
-0.333913047
0.166142396
0.285737011
0.356382874
-0.216243959
0.150184866
0.356340122
0.052501738
-0.575480502
-0.086940663
0.36903756
0.068812512
-0.03561532
0.018017175
0.172608112
0.061529874
0.082475875
0.378723436
-0.380125225
-0.306866727
0.497086393
0.51482303
0.239517997
0.295790917
0.095027569
0.064410795
0.343921988
0.11732661
0.134345373
0.030955938
0.645821238
0.503226922
0.082153182
0.144946092
0.159565203
-0.057451609
-0.049493986
0.252088711
-0.215244173
-0.035572267
-0.373418249
0.134295445
0.416674139
-0.15852585
0.152803032
-0.647235598
-0.261818957
0.519743359
0.358604453
-0.052598483
-0.126709805
0.10697988
-0.052068348
0.063469284
0.082272445
-0.023760024
0.268762132
-0.153992651
-0.041519206
-0.128371379
0.28281149
0.175634508
-0.045571052
-0.057534701
-0.205375796
0.062750584
-0.430485352
-0.456099064
0.495100123
0.204056158
0.634120933
-0.579022322
-0.281042263
0.191544109
-0.38973893
0.341769843
-0.211147879
-0.047273651
0.380862823
0.502058376
-0.874481495
0.318145294
-1.019772855
-0.17589473
0.770709346
0.418733233
-0.866003094
0.277245655
-1.079114177
-0.137815409
0.884739184
0.559312881
0.090176108
-0.440275801
-0.291539171
0.40203546
-0.825189548
1.209648433
-0.213577327
1.138024599
0.102488842
-1.056231611
-0.456777026
1.090653198
0.832388731
-0.020108702
0.130035511
0.136236432
-0.076531512
0.272905008
0.008871263
0.194216159
0.024552543
-0.05922995
0.07152979
0.352691722
-0.440286372
-0.792479062
-0.641960415
-1.027075401
-0.978989996
0.721798649
-0.369314427
0.119696779
-0.304865478
0.092802984
0.045378106
0.192375825
0.019005452
-0.18743073
-0.154221611
-0.459373815
0.28395006
0.259230167
-0.258806339
0.469431082
-0.748715613
0.575954266
0.93285546
0.390278697
-0.082264436
-0.657197305
0.334671236
-0.720505816
0.221811978
-0.511033324
0.24824799
0.14304637
0.087436292
-0.162129573
-0.059859314
-0.338316821
0.127634299
-0.230899726
0.425356972
0.25965835
-0.944176203
-0.244218796
-1.337624318
0.468680029
0.205340298
0.180724608
-0.029949405
-0.288516226
0.152654171
-0.060096146
0.236608872
0.109691921
0.109565449
-0.094852846
-0.093664767
-0.248521938
0.123525558
0.294349039
0.472641995
0.31531886
0.376868997
-0.303803374
-0.232769308
-0.32814018
0.826020377
0.424233832
0.278864516
-1.180165537
-0.680285947
1.528639748
-0.845650624
-0.82781163
-0.327679663
0.172968256
0.371981301
0.278260325
-0.30580187
0.382048784
-1.097520956
-0.815303584
-0.103056331
-0.027366338
-0.111178041
-0.199167294
-0.060582777
0.07723558
-0.17398023
-0.356234449
0.549453828
0.066992081
-0.03602056
0.096437562
-0.18997989
-0.08888915
-0.051546978
0.005134667
-0.258564611
-0.097943511
-0.072521475
-0.041950258
0.150570024
-0.131931761
0.417813744
0.368651148
-0.60191617
-0.504372152
-0.162159072
0.079338654
0.173175138
-0.124668772
-0.401369124
0.255340931
-0.112169523
-0.043517487
0.284455026
-0.035229922
0.770845242
0.254523807
0.588109466
-0.233747424
0.295252659
0.104856682
0.557821067
-0.190195146
-0.080329458
0.203497056
-0.050117238
-0.124480897
-0.194397859
0.062711857
0.074034996
0.329762481
0.117158717
0.084976399
-0.175397455
0.229761107
-0.040543732
-0.202393899
0.308257326
0.646953672
0.081137637
0.054640401
-0.22985906
-0.197049479
0.292689927
0.303064038
-0.871213365
-0.707797841
0.651379679
0.216902669
-0.989201965
0.600607461
0.308607596
1.007142058
-0.679538088
0.841308656
0.089008469
0.113157069
0.00880781
0.210679467
-0.338957366
0.083455359
0.64461495
-0.488953357
0.746348408
-0.084187765
0.098336401
-0.187177255
0.136975192
0.277388207
0.132931214
0.375890751
-0.627006374
0.654667237
-0.41543895
0.207172052
-0.568570772
-0.946998017
-0.045523093
-0.966136543
0.451770546
0.719907167
-0.387326798
-0.602354332
-0.578291426
1.238179102
0.121197925
-0.845345441
-0.547938384
1.474639577
-0.455098871
1.53196247
1.330034032
-0.727071603
-0.029277183
-0.189785354
0.401565224
0.381807963
-0.846352851
-0.246833194
-1.923940393
-0.998526474
-1.707442477
-0.622132819
0.30365383
-0.397253111
0.147346477
0.736084358
-0.251609364
-0.228322626
-0.345319114
-0.183299666
-0.589408912
0.085153807
0.042093845
-0.181750676
-0.015978849
0.30343234
0.194557205
-0.025591949
-0.144580466
-0.203253659
0.383540501
-0.055890243
0.196771545
0.495042822
-0.418117279
0.351887521
-0.395383836
0.462194642
0.25099511
-0.536047812
0.770540136
-0.058097495
-0.913703448
0.166293583
-0.181519361
0.389631683
0.015999464
0.426898388
-0.166450347
-0.942129052
0.150243337
-0.611594766
0.146022758
0.468352104
-0.15724684
-0.214651696
-0.087650707
0.242654174
0.608024875
-0.456157915
-0.107995037
-0.095039121
-0.188054512
-0.091628043
-0.137842929
0.102627881
-0.245495607
-0.21924689
0.132243121
0.491529928
0.451547368
0.005010065
0.420972797
0.059961215
0.194184402
0.182084928
-0.086715136
-0.413770126
0.379110684
-0.18688543
0.512402297
0.339683376
-0.759992251
-0.380207376
0.165709865
-0.594704597
0.182752193
-0.79811367
-0.221102155
0.453586946
-0.152947468
-0.150033006
0.120073738
0.298180441
0.185988013
-0.277163671
0.022407326
0.793985174
0.331612666
0.229284326
0.067126647
0.348222208
-0.401909438
0.324987905
0.909792732
0.222609697
-0.221137539
-0.054075227
0.115798623
-0.133349075
-0.047110136
-0.419735753
-0.037421715
0.701871048
-0.273094125
-0.240519691
0.553517631
-0.271598768
0.156992216
0.007436157
-0.320510466
0.415567449
-0.039363616
0.466829674
-0.732309683
0.115899233
0.356089397
0.104951009
-0.146934987
-0.406638947
0.394963635
0.337572957
-0.096835893
0.119566595
0.152522352
-0.152758644
-0.111525373
-0.373250598
-0.177582186
0.159972776
0.520058579
-0.092616462
0.325664823
0.186857525
-0.274192495
-0.310937452
0.41412499
-0.490038776
0.137423334
0.055630241
0.154456813
-0.162269676
0.081007624
0.069611275
0.268253187
-0.112328469
0.062614328
0.059776638
-0.127000811
0.066519085
0.107815035
-0.172116864
-0.239934865
-0.055163103
0.040868126
0.050895455
-0.102433175
-0.201604724
-0.11046091
-0.290654882
-0.283796257
-0.104430413
-0.19415146
0.175123398
-0.304644592
-0.521447625
0.151282112
-0.503305129
-0.162228927
0.207465597
0.112129462
0.091682325
0.331978101
0.090202741
-0.020284875
-0.00526544
-0.259971986
0.198862492
0.327995721
8.08E-06
-0.005700502
-0.400076676
0.367595677
-0.181236142
-0.22087166
0.148086826
0.132785112
0.322010689
0.304190868
-0.675134599
0.669612089
0.21558414
-1.079279293
0.033154469
-1.947167189
0.000695011
-0.746007344
-0.337870106
0.262876636
-0.438304045
-0.157370785
0.398998304
0.650877357
-0.208937895
0.57924701
0.010652208
-0.067047766
0.047143958
-0.188568147
-0.115004861
-0.310945589
-0.017800656
0.406807176
-0.768521353
0.719611535
-0.662016026
-0.192696807
0.363011925
0.170728415
0.578188887
-0.181250927
0.102615672
-0.106918623
0.178386804
-0.409100534
0.691837836
-0.605985345
0.099287017
0.145969841
-0.023154311
-0.243494394
-0.480847807
0.310958807
0.70271238
0.211667682
0.102224824
0.145798264
-0.158668339
-0.162489502
-0.21128197
0.239108844
-0.053426511
0.135987935
-0.096136861
0.045244574
-0.002827029
-0.028994218
0.336920449
0.134043164
0.598935726
0.014395248
0.077415254
-0.076878148
0.124540453
-0.077967502
-0.043153472
0.212255992
-0.028760283
0.092238315
0.063449755
0.11303136
0.041274419
0.221637794
0.132446876
0.291849988
-3.21722E-05
0.455337289
0.785346042
-0.479458252
0.910688029
-0.306244796
0.682032362
-0.553417555
-1.136165655
0.744824207
-1.258343587
0.058639396
0.553955122
0.021641486
0.810230863
0.237292702
-1.395230993
0.138619954
-0.820091119
-0.019875963
0.929365507
0.467299204
0.781293454
0.393801185
0.814160479
-0.959184841
0.316446464
0.005718383
-0.051648153
-0.012648404
0.390473657
0.386675232
-0.046815105
0.336810521
0.041674195
-0.296762198
0.300762503
-0.288347345
-0.161615732
-0.496309081
0.096350712
0.411672777
-0.144020487
-0.414494887
0.373179292
0.435720663
-0.173528494
-0.043462537
0.126602927
-0.006080181
0.37114894
-0.229406171
0.171009929
0.746311408
-1.097436928
-0.891671586
0.630588017
-0.336276139
0.353148361
-0.173878711
-0.652150869
-0.262615067
0.373425828
0.506622239
-0.32888506
0.477640226
-0.054565694
-0.329185969
-0.256254384
-0.665445175
-0.827967858
0.815706905
-0.473367304
-0.32891612
0.839472232
0.267468139
0.039860201
-0.087102581
-0.270227501
0.082707895
-0.343259575
0.46996434
-0.511474153
-0.84596566
-0.161891354
0.389221214
-0.345648115
0.262152914
-0.618547956
-0.061983906
-1.116320574
-0.204671085
-0.664046934
-0.133874498
-0.134750715
0.055198851
0.036907197
-0.689223817
0.530065123
-0.964664793
-0.759109767
-0.816595379
-0.247155319
0.808582729
-0.222867625
1.277117987
-0.432289601
0.468508658
0.010979266
-0.610546172
0.483061362
0.109347356
-0.623782484
0.231310747
-0.506756309
-0.284974982
-0.296481657
0.068331687
0.316255027
-0.082538629
-0.415269163
-0.203728558
-0.244195106
0.022495039
0.569482351
-0.107236609
-0.040998918
0.201728091
-0.218407222
0.247342284
-0.344511923
-0.049523979
0.446603623
-0.221953423
0.085209158
0.166137677
-0.085321961
0.597034664
0.165195844
0.076918167
0.090966912
-0.152757676
0.150327506
-0.220191143
-0.128307655
-0.099055346
0.419560536
-0.347532632
0.083123467
0.211340027
0.15550172
-0.628212445
-0.204490803
0.462301851
0.375823907
0.021732065
0.13215947
-0.155100448
-0.142346916
0.121739592
-0.113123945
-0.076122797
-0.084207752
-0.186775652
0.042924894
0.166205836
0.135677706
-0.216523935
0.009428432
0.275687924
0.102214701
0.117078583
-0.011448592
0.156333156
-0.069337166
-0.089864278
-0.066462785
0.110469115
-0.140067206
-0.078622582
0.147668427
0.379774995
0.484059655
-0.094045949
0.278534046
0.125016155
0.232541461
0.142907895
-0.235433334
-0.335246511
-0.213338282
0.391514491
-0.134927598
0.209712989
-0.077235288
-0.178862801
0.218901972
0.141416128
-0.309913832
0.224982643
0.103549752
-0.036770844
-0.061275702
-0.199939102
-0.009673564
0.382818917
0.238599425
-0.168524423
0.496186335
-0.272293792
-0.267395931
-0.18590351
-0.273915157
0.062285258
-0.086906166
-0.004897019
0.044498896
-0.096300462
0.560645269
-0.313857202
1.146106434
0.340655215
-0.24039768
0.172810294
-0.235264593
-0.33577351
0.554976323
-0.182668899
0.074423929
-0.231202458
-0.210955567
-0.185340443
-0.09061856
0.046878436
-0.138799013
-0.012637912
0.42702652
-0.02311338
-0.274515251
0.091128863
-0.025361688
0.055714539
0.346827172
0.11707825
0.424302626
-0.326038634
-0.385753458
0.048161906
-0.289979254
0.444594028
-0.34417245
0.772759517
0.20675118
0.157577914
0.11667099
0.247790751
0.195347005
-0.009624023
0.353289043
0.118477901
-0.16442254
0.049328368
0.337861327
0.216017955
-0.372697987
-0.167782864
0.135892273
0.170828177
0.061475575
0.271004492
-0.404825712
-0.136078785
0.162823952
0.157698387
-0.158033358
0.280712367
-0.037578402
-0.823166194
-0.503161103
-0.798166179
0.566448691
1.282264222
-0.944078059
-0.3408575
0.277313941
0.504882832
-0.082506381
-0.288895536
0.278289426
-0.380644638
-0.021099881
0.288126018
0.631847928
0.170742909
0.509454604
0.19098798
0.051650153
0.08533609
-0.179594253
-0.097066487
-0.152544459
-0.717712814
0.587969327
0.003531644
-1.05540702
0.847774456
-0.81731825
-0.589882854
-0.423475681
0.524539198
0.023464245
0.152624557
0.286946535
0.649718078
-0.486356668
-0.23217018
0.227127385
0.586315097
-0.076303163
-0.340428331
-0.128712579
-0.368839515
0.465058129
-0.144954759
0.094996077
0.33557875
-0.049178332
-0.22738045
0.099489975
-0.060027177
0.06636074
-0.106553664
-0.145738658
0.221313182
-0.339678281
0.271428488
-0.171506359
-0.145148267
0.036641646
-0.325555833
0.129703329
-0.288371417
-0.43587134
-0.057170307
-0.179829483
-0.013054887
0.079570477
-0.235138703
-0.415246537
-0.052025394
-0.162773809
-0.106437818
0.417368448
0.125735039
-0.08034119
0.164295824
-0.183895362
0.394389963
0.395819647
0.135308136
0.80428672
0.181140211
-0.551590495
-0.409164457
0.106415678
-0.192745208
-0.226063557
-0.146919317
0.323040683
0.289675189
-0.156217577
0.255195573
