100
99.1146597750731
99.6136653809577
98.2238834143993
97.6492682656015
97.5114112326843
98.0272386197932
98.6123854031946
99.405276994342
98.8659813105445
98.4971251683628
99.2881681922841
98.5287843463856
97.9265679163354
97.5108925540117
97.0078055197955
97.5975802313842
97.1727890129306
95.8388561135542
95.1504551397672
94.608171314529
94.1535568125056
93.0934757773317
92.6607010778271
92.0461560098188
90.9152306709845
89.5777004165878
88.3618590265799
89.6817047586264
92.9973703430224
97.1418658232624
99.090304777003
97.3548018195968
94.6432883329936
93.553488024473
94.9343981412171
95.3023731789528
95.6809692267458
93.0772763244496
92.8011650460408
93.4952707923306
92.7768997382963
89.5894593662748
88.8984730427156
88.7343248963046
89.9133030662475
89.3683825587522
89.3787330472344
89.9891198434405
89.0713323626305
87.4435419002519
87.0357824260213
86.3970705284387
86.2592702773996
86.1065620452372
86.0797073240748
85.8278339293939
86.1054086611522
88.2718271537489
91.0184022632766
91.6838603519558
91.7747936949152
93.1595724355532
93.5960257919998
93.6612883091836
93.7725598286717
93.766532697035
93.9219682933933
96.9231682400377
100.181741993221
101.59786799179
100.367498474898
98.4447570563912
96.8472740121306
97.1109842513368
99.5984366606797
100.35314621488
99.5364795285455
98.1523594207191
98.3832254016127
98.5797267948526
97.9678294851295
98.6924678381822
100.471199808301
101.276919312596
99.3281900967915
98.4840120481712
98.7002770256677
99.8111261542561
98.679508540006
96.3483844598799
94.2010209652888
94.6809824313805
98.3105575279663
99.2612460562689
99.3239482073473
98.6305305305923
98.2685929536186
96.6105344001826
94.2669826083544
92.7594752562074
